0 0.2748434621357838 0.6970943584048535 0.6744088623647192 0.18307211154100234 0.6792003326331539 0.17342517479918823 0.0 0.03782142137700252 0.0 0.4930268970845875 0.45869153708358257 0.0 0.030883588619880196 0.0 0.0 0.03782142137700252
0 1.0 0.06362414281700382 1.0 0.0 0.9173066394892411 0.0 1.0 0.06362414281700382
0 0.6201046090818948 0.8055062738725579 0.5466784867259378 0.902226371735959 0.6727629028625994 1.0 0.8738058910313219 1.0
0 0.8725585815353231 0.9375990906054154 0.9544973939776107 1.0 1.0 1.0 1.0 0.7817143856904574
0 0.7250464757201825 0.22632113401248485 0.7202246798782186 0.22271860473108543 0.5746488818939528 0.40972684639110946 0.8589810841816764 0.6359201260706673 0.7250464757201825 0.22632113401248485 1.0 0.46595255138720865 1.0 0.43921558258314625
0 0.7416176702712207 0.5997908733348586 0.5393404263163027 0.4550840509824882 0.326658006807345 0.7282958055011873 0.3797049054843955 0.7727446245065854 0.5111634473621212 0.8746856846467238 0.7416176702712207 0.5997908733348586
0 0.4458289464804812 0.981961803901533 0.42751517683958484 1.0 0.47563062630173214 1.0
0 0.8956402485041887 0.6505354882107787 0.9875737495748159 0.7219411389740996 1.0 0.7055643075341423 1.0 0.511655181640159
0 0.9767757869650597 0.7566026333609588 0.7758896851648585 0.6079601434845575 0.643729892454665 0.772611331915053 0.8422751233880892 0.9236071002708033 0.9767757869650597 0.7566026333609588
0 0.13761864086457085 0.6781291464126558 0.03378023734773414 0.8275105410713981 0.1850627129280799 0.9533730956108499 0.4604396662159188 0.9509070219208076 0.3088066376066721 0.8174709885115796 0.13761864086457085 0.6781291464126558 0.0 0.5777258238047434 0.0 0.8073254599452456 0.17089788735254605 1.0 0.4026653702392917 1.0 0.0 0.5777258238047434
