0 0.4755146558293552 0.3148544811619866 0.4610885420159739 0.19813402163897076 0.31313699536383427 0.21416191341030627 0.34143253380478494 0.46464164981154127 0.4850693796588491 0.4475112783229009 0.4755146558293552 0.3148544811619866
0 0.24769515231394318 0.5094431954129826 0.11766845354619562 0.4760390209486689 0.01543395627518045 0.4907467126624454 0.03256261146752424 0.605138424285406 0.25989430318733603 0.5768688344132001 0.24769515231394318 0.5094431954129826
0 0.8337093128267 0.5344873869833132 0.8202588529023862 0.44779172751058155 0.7396634603403175 0.45521976170261946 0.46783204302377995 0.49082768679473315 0.48872301673535046 0.66664353996956 0.8423533586050176 0.6236039902809699 0.8337093128267 0.5344873869833132
0 0.3124929610470417 0.9236544493973093 0.2891804372861872 0.7418221543521722 0.18814648125049074 0.7553236961450687 0.2114582628682161 0.9371566050419612 0.3124929610470417 0.9236544493973093
0 0.3643013617252406 0.952435464573589 0.1273423829298157 0.9807290174795819 0.13026190960775896 1.0 0.3701552668255759 1.0
0 0.8463857659323097 0.9126022001920963 0.6272032262120325 0.9379839101107501 0.6351990659045142 1.0 0.8562534072457587 1.0
0 0.007325513415060238 0.617247220690371 0.007325513415060238 0.617247220690371 0.0 0.5696436560814433 0.0 0.6179153649347349 0.0 0.5696436560814433
0 0.03699771260472569 0.4533514440921134 0.019827812527317766 0.322096317933826 0.03699771260472569 0.4533514440921134 0.0 0.3241067054561482 0.0 0.4567611261333923
0 0.8421521473716613 0.8721305089678075 0.8281006317691281 0.6983230002679817 0.5490225741467576 0.723109200829288 0.37097247421125396 0.7319824368206569 0.39488146598235024 0.9182969542125545 0.8421521473716613 0.8721305089678075
0 0.5934604737871771 0.9418915657280311 0.4007726560654973 0.9642054011203486 0.4053659826163715 1.0 0.6009728696291602 1.0
0 0.9297722955069158 0.1411620829449312 0.9298984966974473 0.1918788058733675 0.9595355144629033 0.23561274650334788 1.0 0.30527982186028 1.0 0.1416381727895248
0 0.6744071284760852 0.34094772239036303 0.6718931035384677 0.2975891135410706 0.6261871819179178 0.3037258444738292 0.5078386223705321 0.3144491222006382 0.5205471884133451 0.443280461879726 0.681833009421275 0.4240448795955991 0.6744071284760852 0.34094772239036303
0 0.19461220567146734 0.3034685424044429 0.004999616703572818 0.009238182070158417 0.06052985355058433 0.45325541124296687 0.20416667525886342 0.4361253164901773 0.19461220567146734 0.3034685424044429 0.1817603033416115 0.0 0.09028221034183721 0.0 0.1817603033416115 0.0
0 0.09223782833489745 0.9921845133836769 0.027175512931152473 1.0 0.09288783655395176 1.0
0 0.07809306591365076 0.9626346092245244 0.05162265960151324 0.7865994992766566 0.07809306591365076 0.9626346092245244 0.0 0.7880968903765891 0.0 0.9715378842563647
