0 0.9095958694260609 0.4015272873091982 0.8677608512889148 0.5040333956868519 0.9605165445304167 0.5435341778260552 1.0 0.4494927195808258 1.0 0.43953024475336633
0 0.6672132072391748 0.23869443802122242 0.6321763393967642 0.21822586799960392 0.5607395321698695 0.4313836218741528 0.8064319343314976 0.5174502105228596 0.878879736150177 0.320088569058321 0.6672132072391748 0.23869443802122242
0 0.5853221116793806 0.178347686450049 0.6272965914125254 0.17071436112432245 0.8533426954424361 0.1736239567762389 0.9862312459416472 0.20320191656021133 0.43724067605657113 0.14742898666332666 0.39921652083984144 0.32461035066189897 0.4461689867647162 0.33412011747505754 0.4295455463678418 0.41607936366875276 0.5318850100549316 0.43989418373567984 0.5853221116793806 0.178347686450049 0.9886430241180508 0.0 0.4574747341687485 0.0
0 0.7492549628707039 0.7308222867407261 0.8065266206185194 0.5523840749360697 0.5897409043870901 0.4770806340687159 0.3489330921522583 0.41750282070746575 0.36787479847274307 0.30301228795327595 0.4142165865668862 0.08726006692811376 0.202417203885801 0.07578758557121834 0.1868011969620022 0.08546678859678879 0.10267958301421008 0.5687453949281267 0.10752863980999856 0.5819834339974042 0.14003827761894563 0.5903284670748253 0.14241197364627817 0.5782748047895754 0.24716428091979967 0.6044929982520293 0.24599699663479208 0.6177467035078668 0.31223638367862344 0.6404554830350153 0.37002053048006667 0.6511411217653462 0.3892492984980473 0.6426560484564564 0.7492549628707039 0.7308222867407261
0 0.12061097755125452 0.08082841526059516 0.04973478025867728 0.5676841106226221 0.10313631993347973 0.2928875015207062 0.13268275909471222 0.09525020811522647 0.12061097755125452 0.08082841526059516 0.0 0.07593464545949702 0.0 0.5545583534452273 0.0 0.07593464545949702
0 0.41171242696117505 0.05112882000861202 0.10849743027980327 0.05074526232128382 0.13615199979608694 0.043442560584079956 0.13731866242457527 0.030188240998352735 0.41171242696117505 0.05112882000861202 0.4188667650027177 0.0 0.0 0.0 0.0 0.045618597775346686 0.4188667650027177 0.0
0 0.011723630365983086 0.7496840008757987 0.030932875453938045 0.7339718009519817 0.04030125397744484 0.6387829671191526 0.03180691519707237 0.6123036295282885 0.0 0.6034908923864912 0.0 0.749197941919457
0 0.012975652393837397 0.7677499270101892 0.005084053045072475 0.9641234013690755 0.026250000357459027 0.7821690989297629 0.012975652393837397 0.7677499270101892 0.0 0.7672619525228807 0.0 0.9686014496652605 0.0 0.7672619525228807
0 0.7386055324262578 0.7971051460223653 0.1052755297873397 0.6386071710025846 0.08845956184621392 0.6494935202874882 0.05204908546668699 0.9784520609787944 0.663343891314503 0.9972755962101514 0.6909398952564232 0.9682900308317354 0.7386055324262578 0.7971051460223653
0 0.8506602372363888 0.8364871114307203 0.8084237008651556 0.8295581513968215 0.7873170573828214 0.830496095685331 0.7630535362856304 0.8963804180578172 0.9460054803596634 0.9535075248529642 0.9036826361303101 0.8833901258130413 0.884359159795397 0.8569407828065475 0.8506602372363888 0.8364871114307203 0.7248918642571165 1.0 0.9740685115265021 1.0
0 0.964776564222241 0.7832415045676634 0.9479442962027336 0.7881053040237243 0.9359579014129943 0.8050025958230773 0.9359938250082673 0.8182536712152177 1.0 0.9263966230505546 1.0 0.7780331893605054
0 0.9835349933034282 0.6012939950559274 0.8570031324392291 0.5305642887072843 0.7914172343273331 0.7487773464272399 0.8816393939036014 0.7413049281557658 0.9886970811686657 0.7301731809125745 1.0 0.7285988993219594 1.0 0.6062403852165388
0 0.8489084465803766 0.20774857500588145 0.6942521159149937 0.20197490246707472 0.691570190515629 0.22393587854942015 0.9214786732331105 0.30304288712814714 0.9464679774148593 0.24362330595045753 0.8489084465803766 0.20774857500588145
