0 0.6859408182086777 0.07836661896054055 0.42369417704137796 0.0934698388710543 0.4092896467780804 0.10675543315234605 0.41597734744441134 0.3789709716903559 0.43404822245661545 0.3885628727664554 0.7637691402080402 0.41304418707765556 1.0 0.4262596446927662 1.0 0.06076878621662388
0 0.41152317215760026 0.03688516407084399 1.0 0.004228266230425372 1.0 0.0 0.4112852782296123 0.0
0 0.7261561325590202 0.7720981902877012 0.7274959634438678 0.8962246295046213 0.7281302340277575 0.9168233654101111 0.7285253665182942 0.9296443848293006 0.8345823457546521 0.9297713812332756 0.8543013601055994 0.9377056946212685 0.8683896007774218 0.9447146348708564 0.8829566010726617 0.9550102243564469 0.8904828566725728 0.9639139740821562 0.9008323939856774 0.9760985766730231 0.913536903013642 0.9925026327089342 0.9232144688695562 1.0 1.0 1.0 1.0 0.7757867189038425
0 0.3537359967134642 0.5092182651288382 0.3564973616514587 0.16590955654621165 0.23740484015115398 0.1734312126676579 0.24145773036323886 0.3529013148757207 0.18369844937431576 0.3494304368026116 0.17443611352588426 0.496410315969657 0.171216396682776 0.6542169166600742 0.338517368767196 0.6803045368889726 0.3537359967134642 0.5092182651288382
0 0.6400094095470559 0.4796014120044777 0.4017364097737824 0.45850743270134986 0.6685335740636398 0.8240373974955538 0.6384522493143747 0.8229066268073829 0.6400094095470559 0.4796014120044777 0.38782123196997104 1.0 0.6025862834240154 1.0
0 0.1878125028855169 0.06634726379249843 0.35623555683881053 0.05990828446648972 0.35449583031884024 0.0 0.18844226582591894 0.0
0 0.12165513438376928 0.0725330325487602 0.12551214162161692 0.0 0.0 0.0 0.0 0.07574872816366666
0 0.9101347045461574 0.7306887917320541 0.9112996540887541 0.7150256799709728 0.6809230030156949 0.4819092703703672 0.6788675699280322 0.6240534843280908 0.724589846092054 0.6251449616021472 0.7248429173395574 0.7275328186324361 0.9101347045461574 0.7306887917320541 1.0 0.7152736148997672 1.0 0.5000150123014463
0 0.3544736245957742 0.8079497172575714 0.10420344801205028 0.8013399104417185 0.3544736245957742 0.8079497172575714 0.08628309343491083 1.0 0.34894263294072486 1.0
0 0.06806687203348911 0.6242229229207802 0.03240125669891245 0.9581099630244626 0.039871193679194054 0.8975081140198484 0.050657120987788185 0.7929672061387123 0.06806687203348911 0.6242229229207802 0.0 0.6145532063615067 0.0 1.0 0.025747873460860903 1.0 0.0 0.6145532063615067
