0 0.8858136324341326 0.7017713883872881 0.7745692772468242 0.47799749852558515 0.6578890885457851 0.4879238910788808 0.7716767222832516 0.7671012505778733 0.8858136324341326 0.7017713883872881
0 0.9147516622477567 0.7269958144914854 0.6215558393869604 0.877089448856025 0.7926942957843994 0.9947123193747827 0.6440086515153505 1.0 0.7666228703369641 1.0 0.7937829328409846 1.0 1.0 1.0 1.0 0.842227701967668
0 0.5831240335258457 0.904889208306819 0.4146580750551986 0.8944660455273626 0.41490860893331694 0.9956482583262198 0.592945473897373 0.9843662624647486 0.5831240335258457 0.904889208306819
0 0.2174161979383481 0.4384225541095547 0.20321882732272914 0.0493817256207525 0.2174161979383481 0.4384225541095547 0.0 0.06076878621662388 0.0 0.4262596446927662
0 0.07619329637173676 0.0 0.0 0.0 0.0 0.004228266230425372 0.07619329637173676 0.0
0 0.29198683994446767 0.42860139240077155 0.7876691547980402 0.42375917865289525 0.7829932634684111 0.0 0.2776531956702918 0.0
0 0.8657719282066385 0.38261031565416936 0.8851445605642857 0.43194953548394377 1.0 0.4326032172657811 1.0 0.0 0.8438616316141747 0.0
0 0.10395647716193031 0.7771869563661176 0.10395647716193031 0.7771869563661176 0.0 0.7757867189038425 0.0 1.0 0.10450772217092487 1.0 0.0 0.7757867189038425
0 0.1398981196975624 0.7156646576765198 0.0494270674419566 0.6207275526126984 0.0925852850124732 0.5579835320497057 0.10809810960449356 0.506148943903061 0.0 0.5000150123014463 0.0 0.7152736148997672
0 0.9238659586626257 0.5209914776443308 0.9710064445408848 0.6088080419081412 1.0 0.6593159014675559 1.0 0.519626860100296
