0 0.021746214021218097 0.0 0.0 0.0 0.0 0.014391925516515006 0.021746214021218097 0.0
0 0.06611229455953593 0.3330119732619039 0.5562550887571125 0.01631428491763369 0.0 0.10250400501370939 0.0 0.31312703948190707 0.5767634274279971 0.0 0.15305630506844553 0.0 0.0 0.10250400501370939
0 0.1866067293076897 0.4146471362262243 0.2028032891180251 0.6603337392907803 0.22191075702727486 0.5976553172850052 0.1866067293076897 0.4146471362262243 0.0 0.3701490903575495 0.0 0.6147438881478686 0.0 0.3701490903575495
0 0.867415279622912 0.1430040852787996 0.5230986480807777 0.10537025521877459 0.39220593137942866 0.18593797397910358 0.36927134260047473 0.19882882283210068 0.31162954424295136 0.2164798674918565 0.29148501783903324 0.2297695606008545 0.24480975687902037 0.26056141288119733 0.19857212809001756 0.28686624778196346 0.18971539139269217 0.29278461197845496 0.1883434341328571 0.29434308428522843 0.1328826834482848 0.3573511873311918 0.14655638499988047 0.3601201044423012 0.14581975237112624 0.36097222782330923 0.2817262217514149 0.3988816204339419 0.28712601026142487 0.4013627716439966 0.28923916842041875 0.4023262289843419 0.2908268279446646 0.40434793245015876 0.2916221535699389 0.4060186692384887 0.29211262107967406 0.4085282170559202 0.289576785706826 0.4211020648255824 0.2893854747182791 0.42420582428135595 0.28981873867004 0.4253932580693816 0.29026234114950844 0.4270654088777085 0.2915855617955436 0.4287349489996839 0.29396394012572635 0.43066666937761916 0.2980742813926809 0.43333329192966974 0.6406596866153426 0.5737188192582262 0.867415279622912 0.1430040852787996 0.7992207149880413 0.0 0.6455609141528438 0.0 0.7992207149880413 0.0
0 0.838534302320331 0.8793205728304511 0.0 0.6807732161778124 0.0 0.9521743938383055 0.18898572301952793 1.0 0.8052781256423013 1.0
0 0.6247704797483168 0.6038994488776325 0.28203629719760287 0.4584984449963189 0.2389233766358663 0.6722970088206777 0.546197125926235 0.7531459192593762 0.6247704797483168 0.6038994488776325
0 0.9917307183964741 0.703113571209347 1.0 0.7056929765456493 1.0 0.6835774202073707
0 0.8864785395062131 0.18117390716540382 0.5778955261246088 0.761486055212035 0.851664773299711 0.8335185352223656 1.0 0.5357661551764126 1.0 0.3917215771191143
0 0.9694892197092926 0.7195996366529376 0.8780967257906216 1.0 1.0 1.0 1.0 0.7296286170800351
0 0.9789467537714515 0.017938613933253047 1.0 0.0463760874639364 1.0 0.0 0.9612090967431247 0.0
0 0.9890613346743883 0.08172196281035149 0.9051104147591378 0.1612140469771162 0.9377767721333288 0.21743145683064122 0.9990034950542392 0.32881915413528756 1.0 0.3303563042482725 1.0 0.09759870776739303
