0 0.2667496462345991 0.4676951893342014 0.12702250562405737 0.38348716207789707 0.13371238557676762 0.7474013688655912 0.2667496462345991 0.4676951893342014 0.0 0.6835774202073707 0.0 0.7056929765456493
0 0.03729803236833824 0.46089804626519365 0.03729803236833824 0.46089804626519365 0.0 0.3917215771191143 0.0 0.5357661551764126 0.0 0.3917215771191143
0 0.12555715820394667 0.7708996127653556 0.12555715820394667 0.7708996127653556 0.0 0.7296286170800351 0.0 1.0 0.08308313724295478 1.0 0.0 0.7296286170800351
0 0.8581535816817211 0.08442207941213532 0.9000741626293218 0.0 0.6986856815321513 0.0
0 0.005433958952901758 0.053715956206324196 0.08712623792302036 0.15242548584668808 0.17143877900647084 0.1943921377416467 0.2665903465738579 0.0 0.0 0.0 0.0 0.0463760874639364
0 0.8991357748815839 0.1180552493112214 1.0 0.16921097315070058 1.0 0.0 0.9615857837937026 0.0
0 0.805310791239807 0.1254962912316862 0.291553161100713 0.1085980435584231 0.7252177334244088 0.3509254690615216 0.8198331675874266 0.16280371424535325 0.805310791239807 0.1254962912316862 0.5434541755865844 0.0 0.34477601438482836 0.0 0.5434541755865844 0.0
0 0.9004650045883476 0.17346074566708022 0.7938704327224888 0.38449629331707963 1.0 0.4879824047508549 1.0 0.22300426679939017
0 0.6229660545290824 0.35597664951785857 0.27598677691984735 0.1411554913133863 0.17295663767141714 0.3329092714674975 0.3573383302663926 0.46860239453118413 0.6138978112638958 0.6005165172582846 0.6386656137759249 0.6111972316829787 0.7248232865928327 0.4092741625849543 0.6229660545290824 0.35597664951785857
0 0.7684937679708695 0.432125323227258 0.6901687705387277 0.6334070939114709 1.0 0.7620923592840475 1.0 0.5497121214099533
0 0.03670762354172743 0.15087738112467872 0.05371963938096184 0.41322107107891276 0.15294289237451472 0.21752967917134822 0.1423792547978577 0.2128579923642469 0.03670762354172743 0.15087738112467872 0.0 0.09759870776739303 0.0 0.3303563042482725 0.0 0.09759870776739303
