0 1.0 0.008587783346004966 1.0 0.0 0.9839297667423473 0.0 1.0 0.008587783346004966
0 0.22718618539075375 0.046365658428513166 0.25312224684453943 0.0 0.13955617145975066 0.0
0 0.10532207356134035 0.4188447435254216 0.36669006608017735 0.5483361522494496 0.6507500854067078 0.0 0.3149163203268511 0.0
0 0.9888645570633444 0.09882642673452761 0.4172803641216932 0.5747208833182011 0.664184591217928 0.6921991556454292 0.9888645570633444 0.09882642673452761 0.7993680306580633 0.0 0.7185643654957516 0.0 0.7993680306580633 0.0
0 0.7231884555593941 0.7149505537619238 0.9857689452502553 0.8480522361615109 1.0 0.8206132617937926 1.0 0.18299404613907763
0 0.009140972762389704 0.4479733231209184 0.009140972762389704 0.4479733231209184 0.0 0.4433208827288693 0.0 0.46632716270257757 0.0 0.4433208827288693
0 0.3155269358610935 0.5987146410941359 0.07648364165108601 0.4814306537570059 0.3155269358610935 0.5987146410941359 0.0 0.6349996094572582 0.0 0.9465982406709751 0.10884045948000255 1.0 0.11567125179034538 1.0
0 0.6599063221212315 0.7381040468971566 0.38708795898995885 0.6351014917189817 0.570985127079977 0.9510896626762243 0.6599063221212315 0.7381040468971566 0.20535360776913494 1.0 0.5510411219400991 1.0
0 0.9414355615791702 0.886972057740732 0.6958010264544999 0.7776190167175606 0.6804779476411777 0.8083852752037363 0.9616231479233418 0.8973804516464063 0.9414355615791702 0.886972057740732 0.5952789561669164 1.0 0.9149112782645364 1.0
0 0.9687406408806234 1.0 1.0 1.0 1.0 0.9346712377256425 0.9687406408806234 1.0
