0 0.30321200974160956 0.09994794559565218 0.40798265604550915 0.14548379641053485 0.34813335473254436 0.28052560998717474 0.47217235339705493 0.33444912722847514 0.6182032987097872 0.0 0.3489589808338416 0.0
0 0.6191131499113958 0.40759390317921224 0.6634063661348626 0.30992743759919095 0.7766064494784266 0.3590573876878274 0.789068871298511 0.016944195241654626 0.7663161749765137 0.06397154390106764 0.668761303532111 0.017215818671963708 0.510722378801155 0.3572485372168729 0.6191131499113958 0.40759390317921224 0.9484604969445168 0.0 0.7531993517434014 0.0
0 0.9890014016396601 0.647663982914144 0.9936482467429787 0.04177674743671909 0.759007414961878 0.5566396670393406 0.9709666529179155 0.6525231319939174 0.9890014016396601 0.647663982914144 1.0 0.6226500856973773 1.0 0.044650070912007817 1.0 0.6226500856973773
0 0.6532100307103073 0.589400415111655 0.442465019987904 0.4983315944077012 0.3826583907371404 0.6526457069023939 0.3132330319600996 0.8093903500653662 0.402374756582348 0.8597799171791736 0.39758447380021805 0.8694269199035289 0.5167944165741617 0.9161346731329775 0.6532100307103073 0.589400415111655
0 0.9482546855668647 0.717618374134088 0.7195173877830633 0.6506813528567131 0.5878695028294553 0.9569280718214449 0.9482546855668647 0.717618374134088 0.7160119849571378 1.0 0.847564754577394 1.0
0 0.9873625958051466 0.9873438851915638 1.0 0.9926051715426005 1.0 0.9590644389326878
0 0.23297511921691252 0.9041885517358987 0.1178542540596593 0.8758328818694315 0.0880273468296343 0.97348624438527 0.0 0.9525948619492975 0.0 1.0 0.20427271386589882 1.0
0 0.5156925413589997 0.9607042145568607 0.29658734931615116 0.8973587478494295 0.5156925413589997 0.9607042145568607 0.2628429317643591 1.0 0.5048548453527746 1.0
0 0.2900913514740205 0.45443250621176073 0.19239662554360162 0.4194338569418404 0.11540938611950889 0.5974629167471408 0.2183913155841423 0.6377325132287046 0.2900913514740205 0.45443250621176073
0 0.0024998969359207226 0.6595252203079852 0.2937577937701316 0.0 0.0 0.0 0.0 0.6584432074020918
