0 0.3135159372661587 0.08094682547413871 0.42561541228040256 0.0 0.16785807891864427 0.0
0 0.22818221016943638 0.11848081275454224 0.010748093380116383 0.26110815014341376 0.22343031109363787 0.14499135456839987 0.23422786671555884 0.13171729354250925 0.22818221016943638 0.11848081275454224 0.020690206287592106 0.0 0.0 0.0 0.0 0.25480847241437965 0.020690206287592106 0.0
0 0.35689191928157715 0.10975709517665073 0.49209624211808844 0.31181102131215577 0.8188161437058024 0.08341369497724233 0.8416114094457281 0.05565767098515751 0.8607730392963174 0.01706921778227248 0.8680435743432796 0.0 0.5441052063596269 0.0
0 0.4536572852931655 0.3383980205516996 0.3148555521752483 0.14117064470084803 0.4536572852931655 0.3383980205516996 0.0 0.3365960336890529 0.0 0.6253327675247953
0 0.568631079500085 0.638064527304702 0.4467010370277023 0.4540484959390765 0.568631079500085 0.638064527304702 0.0 0.7411906013429115 0.0 1.0 0.021746214021218097 1.0
0 0.6700121629424939 0.7799695089209125 0.5892419245214606 0.7078802281080441 0.7399958391392804 0.8701494004380745 0.6700121629424939 0.7799695089209125 0.15305630506844553 1.0 0.5767634274279971 1.0
0 0.7545151800359897 0.9062524386365892 0.6455609141528438 1.0 0.7992207149880413 1.0
0 0.9858764514088465 0.009557577068375114 0.858835025593793 0.22304778253486252 1.0 0.29108121677372956 1.0 0.016894431620590514
0 0.9848161565029931 0.423590402239117 0.9242130303212107 0.5054704755270483 0.8983046523737873 0.5370751151683553 0.8515610025709849 0.6070320874822918 0.8440088497720727 0.6375724955667208 0.8532407977732233 0.6542251296846754 1.0 0.7285302425307643 1.0 0.4257027217387625
0 0.92379917902844 0.75168893570975 0.8377198152398023 0.8760206680885251 0.8996398420753393 0.9377332029894865 0.9612090967431247 1.0 1.0 1.0 1.0 0.7902344551810123
