0 0.2603774029162223 0.09686391379716168 0.3075235098836096 0.0 0.07228548955548371 0.0
0 0.31577388654056987 0.12082877814254536 0.6289417478685024 0.2815224347028313 0.7654495180917016 0.0 0.37516822783810055 0.0
0 0.23520907716575498 0.13908006920304233 0.125007733337465 0.35132778601775533 0.23520907716575498 0.13908006920304233 0.0 0.016894431620590514 0.0 0.29108121677372956 0.0 0.016894431620590514
0 0.6050087735724979 0.33818989702283453 0.2906137886722953 0.16665766552060152 0.1768253980799732 0.38854982101220664 0.4936190432442458 0.5564635278717635 0.6050087735724979 0.33818989702283453
0 0.07462234366944348 0.4360839030016716 0.31993136764551305 0.890513518652174 0.4576854552976349 0.6264084678202568 0.3119620450922053 0.560490208759274 0.21680906257128996 0.5125254607493844 0.13608245517522613 0.4597100545255555 0.12004096481505779 0.45124690710696347 0.07462234366944348 0.4360839030016716 0.0 0.4257027217387625 0.0 0.7285302425307643 0.0 0.4257027217387625
0 0.5646499210649679 0.5779838428054187 0.5707170366364077 0.6008558599802235 0.9274180963876661 0.0 0.8423616070274985 0.0 1.0 0.8279854320356721 1.0 0.03935605541187337 0.9274180963876661 0.0
0 0.9563563131602694 0.8866557649198996 0.517891442338238 0.6491572776291668 0.4209050868823971 0.8529433484815067 0.9563563131602694 0.8866557649198996 0.6986856815321513 1.0 0.9000741626293218 1.0
0 0.29598171169457366 0.9399542178536231 0.29598171169457366 0.9399542178536231 0.0 0.7902344551810123 0.0 1.0 0.2665903465738579 1.0 0.0 0.7902344551810123
0 0.9615857837937026 1.0 1.0 1.0 1.0 0.9273819179503954 0.9615857837937026 1.0
0 0.3825653583103648 0.9228931076709201 0.34477601438482836 1.0 0.5434541755865844 1.0
