0 0.8061946088332766 0.1859284368598148 0.7869591805862571 0.19199489012872803 0.6995746189942372 0.38612167096048533 0.7068334933570024 0.4041732151668059 1.0 0.5333414875316 1.0 0.27289666524236195
0 0.2314630192033169 0.3353867874705171 0.012268311213894672 0.23108854577898816 0.041109681965914815 0.7489698399414464 0.2314630192033169 0.3353867874705171 0.0 0.2596354641494713 0.0 0.7324293418845684
0 0.5072363393113428 0.4540107032384714 0.28806239190013205 0.35934898139368815 0.10373774681994535 0.77894197774349 0.2976173969304399 0.8604104643796096 0.3180695448351988 0.8603642049428868 0.3348881863314864 0.8494854986980531 0.5072363393113428 0.4540107032384714
0 0.9225593360734212 0.5699090727976837 0.9033408517367323 0.5832028143533023 0.8099596275708102 0.7857749941418768 0.9882345183479155 0.8829376890672287 1.0 0.8584148066281024 1.0 0.6061812546004023
0 0.8539953167496525 0.5748828627594783 0.6697428748596252 0.4945965297385373 0.6493235041519193 0.5090980226325186 0.439781127766333 0.949223684536061 0.4470324266397982 0.9636625241694211 0.8552453230247705 0.5953569192273299 0.8539953167496525 0.5748828627594783 0.5325855642225571 1.0 0.6756491825987818 1.0
0 0.7764424545423377 0.8605311453043467 0.704290264196306 1.0 1.0 1.0 1.0 0.988185605179825
0 0.03285688975664554 0.8236692776232646 0.0 0.8075001627888195 0.0 0.8923176986350841
0 0.30020319161317915 0.9399038363900457 0.19060670738449234 0.8883566454301034 0.14016406370496037 1.0 0.273778937890994 1.0
0 0.8240414363552097 0.09795757014675707 0.8337178329764224 0.1208220486808517 1.0 0.19595509895882762 1.0 0.0 0.866217128470245 0.0
0 0.0009860740205368972 0.02995806678603679 0.21448431468010007 0.27519839655552725 0.5203771613389159 0.4130278097597868 0.0 0.03698297589162716 0.0 0.04828877153518496 0.7087320780118163 0.0 0.032710295873312374 0.0
