0 0.8108393700125585 0.12109529242534173 1.0 0.13044422907033143 1.0 0.0 0.817369989491406 0.0
0 0.8559215329136236 0.35346488343397836 0.9124644770270899 0.3521222804742525 0.9497607277862568 0.3520311644262233 0.9782702414982534 0.2025961490381081 0.979340202944508 0.14838801987842315 0.8554066579273254 0.14266777070499456 0.6761244909734877 0.13467421345578204 0.6623074334059602 0.3888701749774989 0.7537641105560796 0.397078892978625 0.8536331603567184 0.40165293889792736 0.8559215329136236 0.35346488343397836
0 0.5569760301862534 0.1181016762808383 0.7879800789625961 0.1211511239455941 0.7887214509610954 0.0 0.5580131923789091 0.0
0 0.5365263458161375 0.11935545505681809 0.30316332908771937 0.13558434362929309 0.5365263458161375 0.11935545505681809 0.5352274812829521 0.0 0.2977586760952747 0.0 0.5352274812829521 0.0
0 0.26706430621100796 0.13326280094375545 0.036075061728826525 0.13623553391535886 0.26706430621100796 0.13326280094375545 0.2605042901561476 0.0 0.03258565331765374 0.0 0.2605042901561476 0.0
0 0.013258930644695351 0.13781755883992247 0.0008682700562143426 0.0 0.0 0.0 0.0 0.13873723129671955
0 0.01940176919886378 0.2061405279099492 0.017321235747143438 0.18300138354544884 0.05896945054897488 0.6445038378464576 0.042718980027021444 0.3939948434372242 0.01940176919886378 0.2061405279099492 0.0 0.1840169042395593 0.0 0.6495686935274432
0 0.41129880415751 0.6454870513242527 0.393258700920184 0.17217503335577095 0.29665237641966 0.1780457906393107 0.31749455231818174 0.6466544980255172 0.41129880415751 0.6454870513242527
0 0.2865173997244935 0.6519180100087797 0.26660259401725767 0.17884559074854034 0.052033059888748026 0.18406514661379916 0.09891926620122284 0.6582454002284072 0.2865173997244935 0.6519180100087797
0 0.6439130621299731 0.6345879279004215 0.6384812528223687 0.33124013916989764 0.549368546068386 0.332396930771736 0.5585446720814379 0.6329183087927465 0.6439130621299731 0.6345879279004215
0 0.5332307877416973 0.6386151880892412 0.5151896718931092 0.16530312292058305 0.4185839596962507 0.17117396015650277 0.43942652851727204 0.6397827132253289 0.5332307877416973 0.6386151880892412
