0 0.4259673720046199 0.534746452183537 0.21295548958738514 0.5111885795246395 0.21440903963924274 0.6111649867113249 0.30105458605061647 0.6193793316158488 0.30242064110040895 0.6844230780717807 0.34218684471601646 0.709619702773117 0.39994253984082856 0.7118839222527549 0.4153749445420844 0.6287293610161241 0.4259673720046199 0.534746452183537
0 0.45298754327189217 0.7573355830343707 0.27973549848288837 0.7565647424629638 0.2705150031144696 0.9180009587876723 0.4510187068523922 0.9320037506450151 0.45298754327189217 0.7573355830343707
0 0.16119818320545196 0.024480623490207357 0.16119818320545196 0.024480623490207357 0.16041610559962605 0.0 0.0 0.0 0.0 0.0299881960587768 0.16041610559962605 0.0
0 0.4908386848632526 0.018836173507367267 0.21533180261166315 0.02193657500472741 0.4908386848632526 0.018836173507367267 0.4906716104227834 0.0 0.21467333413841766 0.0 0.4906716104227834 0.0
0 0.5425396642556065 0.00545577570193903 0.6208221123033896 0.004333641835311675 0.6207330095998832 0.0 0.5424788894432543 0.0
0 0.16947038486060187 0.4448565407046313 0.16735824608795608 0.0822847517592956 0.050364598499605395 0.446359422917804 0.15025071625915584 0.4569502843590228 0.16947038486060187 0.4448565407046313 0.0 0.08674912395766453 0.0 0.4280778404140557
0 0.5100425020855281 0.4801401987758323 0.4957692708487998 0.0658029146762785 0.21065852884806338 0.07735824542920024 0.2236796202228038 0.4724266058340908 0.5100425020855281 0.4801401987758323
0 0.6662907810610876 0.5894192362512523 0.5499204766629321 0.5499053641238014 0.5377005714251255 0.6011151340877335 0.6513644969756444 0.6287129486281396 0.6662907810610876 0.5894192362512523
0 0.8529371391538664 0.9611099022567768 0.9170404300645628 0.6164403531524725 0.7160840486567956 0.6024895083479195 0.6922208446974484 0.6820517888428914 0.6779680630950362 0.7555662285817863 0.6538963188029432 0.7520131225417966 0.6074036052744454 0.9231795141744296 0.8529371391538664 0.9611099022567768
0 0.16113418737213867 0.8619362398217328 0.025849904380142587 0.859694628862824 0.16113418737213867 0.8619362398217328 0.017244321734328813 1.0 0.15932539523553177 1.0
0 0.1505508275009692 0.502977603669135 0.025948001018936843 0.49741958424629357 0.020651526967548087 0.7234305126056793 0.1555029304076679 0.7245599727483647 0.1505508275009692 0.502977603669135
0 0.8420998857707782 0.06729902833633263 0.8453991844449112 0.21404215595010959 1.0 0.2117713305765827 1.0 0.06372353654464746
0 0.6536086302381731 0.0038640568111615882 0.8481207124554068 0.0010753702891956739 0.8481033862922487 0.0 0.6535242370418027 0.0
