0 0.9826037656527745 0.28581899555271656 0.8295077521775263 0.17782009713839536 0.9826037656527745 0.28581899555271656 1.0 0.26235943753524443 1.0 0.021020252949709828 0.9706475244491674 0.0 0.9514004089178216 0.0 1.0 0.26235943753524443
0 0.9296880836884753 0.2943954104955042 0.8043106631757329 0.2031852481832496 0.6532172002427493 0.3891078685178169 0.7870457011016403 0.49113605069272326 0.9296880836884753 0.2943954104955042
0 0.7714770943047685 0.5176801519357145 0.6328389199170833 0.41686957282893417 0.4998153916034685 0.6111752246904953 0.6384372380614457 0.7059626654474042 0.7714770943047685 0.5176801519357145
0 0.6180523505952333 0.7313146779110082 0.4854459119569545 0.6365102507450303 0.34880616508491036 0.8284158220912021 0.48620862078690963 0.9171846480754247 0.6180523505952333 0.7313146779110082
0 0.6785115359254577 0.8419754621665801 0.5942448398876082 0.8253397493484413 0.5584902291543088 1.0 0.6454992894339338 1.0
0 0.5176942491784153 0.9917849186750175 0.4501731327531291 0.9389655351222673 0.5176942491784153 0.9917849186750175 0.4054821976856551 1.0 0.5125466618900288 1.0
0 0.2988833333497623 0.04368572886673364 0.20386657499140293 0.1795209780424015 0.1415612314239275 0.2748556800344116 0.24831261012169653 0.5961977189211578 0.6360454944006404 0.0 0.32944123995752034 0.0
0 0.1746383500040337 0.492800578365904 0.09574627602695228 0.24004535599728086 0.04240526144259285 0.535321640103095 0.1746383500040337 0.492800578365904 0.0 0.2714462782942026 0.0 0.4084907751920702
0 0.04775280256907088 0.055614604165297676 0.08660925427910286 0.1818920512481092 0.04775280256907088 0.055614604165297676 0.0 0.05538037151737259 0.0 0.16487584395198038 0.0 0.05538037151737259
0 0.25874064631944066 0.005906979900531751 0.06478901726562326 0.039805084753566575 0.11157465354117749 0.18482234071093165 0.11966188275570198 0.18577239682873536 0.25874064631944066 0.005906979900531751 0.2535828951211322 0.0 0.0 0.0 0.0 0.03827416803663941 0.2535828951211322 0.0
