0 0.2920077265500607 0.16715987660219153 0.2740830064613677 0.3579815889969095 0.4942894347291893 0.37795504234728317 0.5053736387404324 0.27097608309785276 0.5334505171076758 0.0 0.30770891977754417 0.0
0 0.6257509211902096 0.33375598942178836 0.6194494395700582 0.3957348409183922 0.7693140271056029 0.4086283086274678 0.8649232620183323 0.41685363715129836 0.9066583949096007 0.0 0.6596860523705306 0.0
0 0.9106700342326571 0.42999825519075136 1.0 0.43851695206141955 1.0 0.0 0.9552633410329184 0.0
0 0.19720389402084745 0.40874854345284933 0.1608862781898385 0.8352359134576947 0.19720389402084745 0.40874854345284933 0.0 0.39310698740221867 0.0 0.8203942220332492 0.0 0.39310698740221867
0 0.4896162163538168 0.4381916100177694 0.26338866632100777 0.4158236385904197 0.25018010961509524 0.42669584863162247 0.21143121743735108 0.8423474951424224 0.4545017822408238 0.8646764256833578 0.4896162163538168 0.4381916100177694
0 0.8506134325686359 0.4722945353435833 0.596713135508278 0.4487867334239202 0.5652168547243921 0.8788773098419258 0.8022665581440644 0.8988105780472139 0.8506134325686359 0.4722945353435833
0 0.903555989356886 0.475786994696937 0.9032671410570929 0.4784882785701786 0.8576213747849079 0.9047058378767976 1.0 0.9192246146209953 1.0 0.4856216135283947
0 0.15019059823775288 0.8930779415663415 0.15019059823775288 0.8930779415663415 0.0 0.8770806049087566 0.0 1.0 0.13996140377266522 1.0 0.0 0.8770806049087566
0 0.4245606026144026 0.9237670571793334 0.21878492422735007 0.9013532608770265 0.20557017816962553 0.9098147128934643 0.4366269524930916 0.939398553688457 0.4245606026144026 0.9237670571793334 0.19625173434508497 1.0 0.4300857607535441 1.0
0 0.7975817437625659 0.9542293724103725 0.559322832002456 0.9318905611293913 0.7975817437625659 0.9542293724103725 0.5532225745395806 1.0 0.79321118714124 1.0
0 0.8457180538122613 0.9601418182493312 0.8422020756229598 1.0 1.0 1.0 1.0 0.9747122169149555
0 0.016809774922750827 0.0386953258148609 0.23316881202591455 0.35325751565883284 0.24985756830450812 0.1474837935728336 0.0 0.23372283268648988 0.0 0.33521206872578135 0.2618189724301924 0.0 0.02014497995008635 0.0
