0 0.2717354114787334 0.7112387940243233 0.2717354114787334 0.7112387940243233 0.0 0.6836853452383344 0.0 1.0 0.2421762706607536 1.0 0.0 0.6836853452383344
0 0.9354089621803036 0.7886789587327054 0.9156043658720892 1.0 1.0 1.0 1.0 0.80674702794844
0 0.8804296893974244 0.7865373479011976 0.6921064441506501 0.7798174491007906 0.8804296893974244 0.7865373479011976 0.708854074669868 1.0 0.8604369812002033 1.0
0 0.41147099818783095 0.7554252237662227 0.3060635056643166 0.8084973676004915 0.2897804386911411 1.0 0.3974444125594209 1.0
0 0.965807831818624 0.5275213766922439 0.5462796848699317 0.4916014259829227 0.5148283805583599 0.7292116868230938 0.9416952551876139 0.7414610471309854 0.9474491421161727 0.708253228082478 0.965807831818624 0.5275213766922439
0 0.08097446621444526 0.4288544353844262 0.037548635375199944 0.6582175784840476 0.08097446621444526 0.4288544353844262 0.0 0.4218122180229788 0.0 0.654122133550196 0.0 0.4218122180229788
0 0.29689321791928236 0.4656856258300061 0.14039685425622997 0.4340634989238249 0.09430515024765147 0.6578120254521211 0.2649540121560715 0.6767883178440589 0.29689321791928236 0.4656856258300061
0 0.6560462730244336 0.8022133053238698 0.43734800315319583 0.9490958231038794 0.4402143396777424 1.0 0.6724305050285622 1.0
0 0.11321189916286603 0.38407004483835727 0.4885597315343508 0.44190129634947994 0.5676263658436301 0.0 0.16261803950657658 0.0
0 0.5728066459779836 0.4456164161168753 1.0 0.47988190597048036 1.0 0.0 0.6231726386621561 0.0
