0 0.9998916025190607 0.7675712136711752 1.0 0.7780446456883839 1.0 0.767594753379354
0 0.9996781079484467 0.1978094765933234 0.997114250980822 0.6182111035391018 1.0 0.6193777120500492 1.0 0.19780379298942735
0 0.9395529533967263 0.21000513832793719 0.6989224420731779 0.205784612458712 0.707002985778596 0.5526806582479329 0.8586680024611681 0.5824179805042986 0.9477604337562162 0.6074921249053972 0.9556186278687049 0.3810137036299253 0.9395529533967263 0.21000513832793719
0 0.611070459237742 0.19516181100836447 0.32953747253820037 0.19224677601684328 0.34860335713096213 0.6029578423751001 0.4832746647052729 0.5725100144799684 0.6240017611469282 0.5577048011002042 0.611070459237742 0.19516181100836447
0 0.09091752615601657 0.9986957524691158 0.0907472869085049 0.9300358220980808 0.08228371327019555 0.9131926892114496 0.049818232185849104 0.9205007547222412 0.0 0.9436108958204135 0.0 1.0 0.0910233877851276 1.0
0 0.6303375630368803 0.6865784110994931 0.529304083550422 0.6976703500818091 0.3862641022872169 0.7498216837385772 0.30815555804378636 0.7873572410663014 0.2612914878474999 0.8103607166258504 0.12671131050089096 0.8781497874221647 0.13244353051703064 1.0 0.6410768100127932 1.0
0 0.9577265349054239 0.7447888115457643 0.7073351158931233 0.6863871615349715 0.6760661135209572 0.6912828042922903 0.9577265349054239 0.7447888115457643 0.6839222086262151 1.0 0.9621935102822947 1.0
0 0.9502046369025136 0.13890862631125758 0.6927278046365486 0.13352550184645104 0.9502046369025136 0.13890862631125758 0.9516881422095923 0.0 0.6888533429500159 0.0 0.9516881422095923 0.0
0 0.99230964208956 0.13759943868579744 1.0 0.1377665711221441 1.0 0.0 0.9917376414324649 0.0
0 0.0031745743535801984 0.06175884560136125 0.0 0.02914928011037524 0.0 0.06191456010609702
0 0.2740731519517987 0.14299778476575947 0.04667671942896483 0.1387433704379276 0.2740731519517987 0.14299778476575947 0.27248674277878115 0.0 0.03870081832052911 0.0 0.27248674277878115 0.0
0 0.32701484565686173 0.14527475400986686 0.597689455567134 0.13617059099403037 0.5943220010224765 0.0 0.3197439539366106 0.0
0 0.03612149855079773 0.7338261501360488 0.03336840049217981 0.5941032909493363 0.0 0.5911495838792982 0.0 0.7306288525595366
0 0.3087667883262861 0.5488514687507443 0.19566676631846755 0.5455179957443521 0.19570859965894688 0.5623820142465262 0.07179934884271118 0.5663028278094988 0.07951329269874143 0.7662429183208094 0.18037650154907697 0.686490745050709 0.30414002853969163 0.6235457837322389 0.3087667883262861 0.5488514687507443
0 0.2910265759166814 0.18752438955756834 0.05280293987329392 0.18329684422902337 0.07414564331808292 0.5422059378249383 0.3051308328428228 0.538018828173488 0.2910265759166814 0.18752438955756834
0 0.022382331873300215 0.5302881481650009 0.0 0.12373404584573248 0.0 0.5306857600504797
