0 0.561617363132858 0.9617345803041483 0.5142714089182401 0.7895983766847123 0.4767912024835264 0.715007033653154 0.4382091708136334 0.6813747627090254 0.17596292343367326 0.6928632531061173 0.19111018516461453 1.0 0.5643351901086273 1.0
0 0.4297095346644854 0.6500765527563223 0.3268505134271591 0.4082133257924089 0.4297095346644854 0.6500765527563223 0.0 0.45083311399066933 0.0 0.680240511982287
0 0.17661471503151527 0.07747234214320725 0.006001518819562989 0.07542833825188917 0.0047067301719426954 0.12086538925409743 0.17425524598878803 0.11903768273361093 0.17661471503151527 0.07747234214320725
0 0.2606511436084498 0.3963306520242158 0.21948717535443024 0.291635515782781 0.14973534653752602 0.3026481063521045 0.19209037878284285 0.40252297273879656 0.2606511436084498 0.3963306520242158
0 0.620196570418445 0.8110181179584096 0.46926311746880883 0.5897506634754235 0.620196570418445 0.8110181179584096 1.0 0.7954522934525883 1.0 0.6003236994546453 1.0 0.7954522934525883
0 0.680916856435677 0.06644564009315819 0.6610183577163969 0.29054481250429587 1.0 0.29443405037577214 1.0 0.0 0.6815009540193459 0.0
0 0.2938939935469948 0.2167678908890511 0.33139186118907227 0.29858614427336305 0.5840270437554407 0.29314346095028676 0.5865432030101199 0.0 0.21783376308502952 0.0
0 0.6070765022121875 0.37017879950610294 0.5203563299487463 0.3306424503756431 0.38080082737241716 0.3321923008909224 0.368812420176241 0.3490853835073944 0.4087425247408742 0.4417386465728455 0.41249198227092326 0.4983441082336538 0.44873043068149515 0.5572783041053472 0.6099498362778792 0.5592889785914585 0.6070765022121875 0.37017879950610294
0 0.9546905844350393 0.8246463515630484 0.6323374038347672 0.8555573346461484 0.6542934221641757 0.9771639799914438 0.654603389051127 1.0 1.0 1.0 1.0 0.824786236244939
0 0.6551105076717164 0.3339235288163095 0.6544641928885587 0.5591789712574731 1.0 0.5615423388602941 1.0 0.3373730271532357
