0 0.1272415333441072 0.11572030335546554 0.11522453545047943 0.34219409482712504 0.1272415333441072 0.11572030335546554 0.0 0.11091298044364381 0.0 0.3328699209371152 0.0 0.11091298044364381
0 0.7691426526761771 0.020753500399049843 0.481847396354944 0.014133464854818192 0.4773691688908723 0.3473131299079035 0.7492849759808319 0.35386132615990046 0.7691426526761771 0.020753500399049843
0 0.20940218757724957 0.4768711468640452 0.10593280207691244 0.47592484002640173 0.11706465797036203 0.59755906138618 0.20972081471692677 0.6045554510974848 0.21318557144051561 0.5467279633035098 0.20940218757724957 0.4768711468640452 0.0 0.47926355097392664 0.0 0.5916392959753768
0 0.7360027077176804 0.48113133050659806 0.40060603071857015 0.46435875867179277 0.39905778091137345 0.5922932144025452 0.7318215853191972 0.6116029068054781 0.7360027077176804 0.48113133050659806
0 0.35320729925527256 0.7318824259428403 0.2810125242124042 0.7284485297744414 0.28607170378896 0.8272106615116653 0.3582568902299261 0.8270304850815157 0.35320729925527256 0.7318824259428403
0 0.9963280362570514 0.5170662062426276 0.8723880064250605 0.5089434182882914 0.8762355561757109 0.6040951388447516 0.9929473124653391 0.6086212921347495 0.9963280362570514 0.5170662062426276
0 0.7265118113253075 0.8694750674512531 0.4726589526140411 0.8701091578441061 0.36921392918699225 0.8787995066746487 0.3705678959484614 0.9390245827190936 0.17085139521900494 0.9383184913622279 0.0 0.9376983519840524 0.0 1.0 0.7211148782518704 1.0
0 0.8959652261919202 0.31494829474339225 0.8924700241819125 0.3607309628791938 1.0 0.36718944677129783 1.0 0.32028773644797826
0 0.9001604203236119 0.06800009990679766 0.9004104278388176 0.16797942356858395 0.8958025849261622 0.24990160415368945 1.0 0.25415454985030955 1.0 0.06985461799847734
0 0.9796572987777004 0.8285678614455997 0.851841673242715 0.8265400905899111 0.9796572987777004 0.8285678614455997 0.8509723030850964 1.0 0.9748579495703065 1.0
