0 0.25147609060880777 0.04857629609322748 0.3552402499000286 0.15791690745248724 0.39012077475540274 0.15420933133554232 0.552825903004349 0.0 0.3044727284998754 0.0
0 0.9017910301109097 0.27931361084080214 0.40228554211532397 0.20356497706630686 0.4408926752270258 0.2432130950193021 0.41568844587004644 0.26616841048553624 0.44705133571611944 0.2961997630764639 0.4686490471682703 0.27445869596298544 0.5301770740663426 0.33693244382588117 0.684990759706897 0.19196160296764808 0.8297784975018542 0.34455710960836716 0.9017910301109097 0.27931361084080214 0.626025658401902 0.0 0.6126424982901312 0.0 0.626025658401902 0.0
0 0.9969746686494038 0.32965042918483817 1.0 0.3327727213673758 1.0 0.32669810865243487
0 0.8310633737882468 0.3746688951354618 0.7140314231028058 0.25331894974288016 0.5784287760165775 0.38378237662622283 0.6942537663823737 0.503931144102759 0.7252707714169218 0.47462473227631924 0.8310633737882468 0.3746688951354618
0 0.8584309055786986 0.7082725343756289 0.8764330867217685 0.6913598656608264 0.8897030254583155 0.7045745913978922 0.9874503854789558 0.36701921674151433 0.7630496299241857 0.5844551219575159 0.8462801904452735 0.6637350022175971 0.8318916525178928 0.6818430756671164 0.8584309055786986 0.7082725343756289 1.0 0.5971659910598918 1.0 0.3795166653139397
0 0.906686079581476 0.7563269231084115 0.940468893432831 0.7911698220135177 0.9584860898351539 0.7802797837140483 0.9850168697470826 0.8030956406408352 0.9622219598066961 0.827250316592845 1.0 0.8704415771805484 1.0 0.66537531905868
0 0.5953129224343572 0.8451036256502894 0.42456064894118833 1.0 0.7443758937256808 1.0
0 0.0 0.9602646089519019 0.0 1.0 0.05099984593339247 1.0 0.0 0.9602646089519019
0 0.5578891921827337 0.7982244981531745 0.3720653931179814 0.5975547438537201 0.048033996884293224 0.900784541137237 0.5578891921827337 0.7982244981531745 0.1515960387645133 1.0 0.3445955557525415 1.0
0 0.3156026866696075 0.5364204578572969 0.10944113745994292 0.7262904534092535 0.3156026866696075 0.5364204578572969 0.0 0.1925331886125684 0.0 0.6170770953888218 0.0 0.1925331886125684
