0 0.7650858823305244 0.7949428404319455 0.6914180559738823 0.6939561612596151 0.7650858823305244 0.7949428404319455 0.2636479819809612 1.0 0.4812119907414927 1.0
0 0.723840681239748 0.6709794935914646 0.7975177741916932 0.7755803791983867 1.0 0.6223846139645004 1.0 0.46880157164650904
0 0.6684567611270845 0.6566749213718936 0.530760301670256 0.45949335739282415 0.07809764318410423 0.7980211960064397 0.21095452818233845 0.9855793619020575 0.6684567611270845 0.6566749213718936
0 0.5018193243265932 0.4354796233401346 0.0017108105274532223 0.14050752200020156 0.30370585114972254 0.5841886282748151 0.5018193243265932 0.4354796233401346 0.19036461307410835 0.0 0.17672422596589055 0.0 0.19036461307410835 0.0
0 0.5753651942818284 0.0510063503006199 0.5450694312085508 0.41247406217906757 0.7275316193048661 0.2601943676366612 0.5753651942818284 0.0510063503006199 0.5322883140685272 0.0 0.24259409370113802 0.0 0.5322883140685272 0.0
0 0.9809391829226839 0.09326418836839424 0.6318099301621136 0.013508360113705393 0.7984274868818056 0.22747565395642586 0.9809391829226839 0.09326418836839424 0.9115631789456354 0.0 0.6492051277522806 0.0 0.9115631789456354 0.0
0 0.5692310501540035 0.4485468753116627 0.703304612969323 0.6409201286364817 1.0 0.4241503663919207 1.0 0.12973785833883755
0 1.0 0.0512088751568027 1.0 0.0 0.9627451695603033 0.0 1.0 0.0512088751568027
0 0.04082707222549516 0.0 0.0 0.0 0.0 0.03250919687824669 0.04082707222549516 0.0
0 0.08529845140203232 0.34988295294315275 0.08529845140203232 0.34988295294315275 0.0 0.2200889186194403 0.0 0.40824545847928984 0.0 0.2200889186194403
