0 0.23999578143963715 0.06378089087152031 0.7304009263701587 0.12693051706187514 0.7512265055560033 0.0 0.24585136622142295 0.0
0 0.14553472142913065 0.3358670752655011 0.18537117335009506 0.0 0.0 0.0 0.0 0.3184354003848044
0 0.7053533037867719 0.42077417243405435 0.7417085627842923 0.16843330114110486 0.7226012559647441 0.16349901729040306 0.22440420804942457 0.10441598893045288 0.20087072168415576 0.3345351212622005 0.19823505889630028 0.36436454013731884 0.6878913051158732 0.42017843289658435 0.6895299579071147 0.419996437612156 0.7053533037867719 0.42077417243405435
0 0.14206605711742462 0.3973065635172671 0.11731616873608991 0.6214055412341732 0.14206605711742462 0.3973065635172671 0.0 0.3800707919971322 0.0 0.6073024778664582 0.0 0.3800707919971322
0 0.6739620693408074 0.46233492374537555 0.18899852319144209 0.40322123251474207 0.16425361042045142 0.6297297449081077 0.3267086317101469 0.6486297383241248 0.3279419868087976 0.6618765362121043 0.6528329119635218 0.6912448599102676 0.664843835400504 0.6827854766459819 0.6860150768867467 0.4719441281921461 0.6739620693408074 0.46233492374537555
0 0.7954993383596165 0.4753054333163696 0.7695778600673994 0.712658847845212 1.0 0.7368767911902433 1.0 0.4989443382842788
0 0.09340961952735166 0.6889141446951914 0.07710515839337134 0.9238362945675443 0.10306985324667639 0.704551153511543 0.09340961952735166 0.6889141446951914 0.0 0.6766037135122069 0.0 0.9146008276040275 0.0 0.6766037135122069
0 0.6289161343551909 0.7539357869380866 0.16079106540867694 0.6935781277391593 0.1372103054252452 0.9032203376031381 0.15650105031458653 0.9212441817089035 0.6065721480303718 0.9780294214515766 0.631791489222615 0.9586990099277992 0.6446161542208222 0.7803990075866974 0.6289161343551909 0.7539357869380866
0 0.7875345937673793 0.7867776866344784 0.7700815246330474 1.0 1.0 1.0 1.0 0.806633023222121
0 0.8509553650254152 0.001796531411992937 0.8344171160624252 0.13433396794481642 0.8333131402464676 0.1532914257618885 1.0 0.17418953623428987 1.0 0.020532090670148658
0 0.8273287948553655 0.19096277864213734 0.8155365330005525 0.2945792681890747 0.8013521507930172 0.4042247617758787 0.8134239158895625 0.422265106225562 1.0 0.4437345420091202 1.0 0.21435317730029826
