0 0.031855912934576146 0.06321361370568968 0.031855912934576146 0.06321361370568968 0.0 0.02908334381325022 0.0 0.09437433527156566 0.0 0.02908334381325022
0 0.7235579530909139 0.9154127583041364 0.4991533219602911 0.6859391395355423 0.3635591075484768 0.8188148710835909 0.4745595673874019 0.9341567171044638 0.48656845921589986 0.9256918037485934 0.5603862627196471 1.0 0.6362034811605413 1.0
0 0.3009701758393537 0.8093468074400333 0.15739127586253845 0.6591583664731054 0.3009701758393537 0.8093468074400333 0.0 0.8206312007712326 0.0 1.0 0.11157913249977944 1.0
0 0.33950607032160424 0.8224936186715266 0.21833963165777212 0.9517146368866575 0.2533179555483834 0.9841455650311468 0.24491881235907845 0.9926000680715935 0.25239539960749074 1.0 0.5106283961995968 1.0
0 0.1859558910329779 0.9891454355487248 0.17495972258847947 1.0 0.19651540731494221 1.0
0 0.3407059118183338 0.37678221702299936 0.06681444777571278 0.0884161385956537 0.1978864974131552 0.5072670835236922 0.3407059118183338 0.37678221702299936 0.0 0.1515467565442317 0.0 0.29334519552313615
0 0.8679611052018762 0.07314719913566098 0.9188163536311346 0.0 0.8110661346430486 0.0
0 0.7796869093905715 0.2654091054563902 0.6685326820275538 0.15669506364442432 0.4813500379049734 0.33704742961952766 0.6102750803494628 0.4797797534119196 0.7796869093905715 0.2654091054563902
0 0.5421626264327088 0.5737937483274386 0.41305279916270865 0.4356123429707934 0.21026321461761124 0.6349226335156498 0.3393625609830558 0.7694900069983206 0.5421626264327088 0.5737937483274386
0 0.5277774142084798 0.23081677162442196 0.3522501544900535 0.052340336697160886 0.23134499517765575 0.17084945993253017 0.4052603683806 0.34373204227072807 0.5277774142084798 0.23081677162442196
