0 0.1853892478648626 0.9930433861195885 0.17672422596589055 1.0 0.19036461307410835 1.0
0 0.396722967861129 0.8394801688735585 0.22504650915046306 0.976071029325565 0.24259409370113802 1.0 0.5322883140685272 1.0
0 0.8155014674948108 0.8708614356806288 0.6492051277522806 1.0 0.9115631789456354 1.0
0 0.8021482101350809 0.8275312698172951 0.6536404920855523 0.6364027645161858 0.44715895764364155 0.8044083394667516 0.5932538196460129 0.9931351487819718 0.8021482101350809 0.8275312698172951
0 0.8926479558161479 0.483967626030723 0.6897180636546352 0.630280917469355 0.8285909163445095 0.8178220819258539 1.0 0.6949801768213468 1.0 0.6417974497293131
0 0.850322786031607 0.8454690644153555 0.9627451695603033 1.0 1.0 1.0 1.0 0.7366119565090323
0 0.13107016494419269 0.9281425214157546 0.13107016494419269 0.9281425214157546 0.0 0.7376361127877842 0.0 1.0 0.04082707222549516 1.0 0.0 0.7376361127877842
0 0.3484038841873182 0.7685390585466709 0.19991002028673396 0.5822283387453654 0.02702414084393226 0.716412591337228 0.1658961048535408 0.9039548646600616 0.3484038841873182 0.7685390585466709
0 0.8564032069291028 0.42865396154199864 0.7018765693468717 0.23633683799972366 0.49172738908815583 0.38266960490055363 0.2383509679786435 0.560440488949869 0.41459580278878433 0.7755863250693722 0.8564032069291028 0.42865396154199864
0 0.3110545230140772 0.3084767259873935 0.11817009706837071 0.16806281874458598 0.10731165832043164 0.5981405378431504 0.3110545230140772 0.3084767259873935 0.0 0.3526762960780207 0.0 0.6858752606814372
0 0.5780137648289728 0.25835810188752184 0.5223936120317159 0.15732219119530189 0.40229842996382664 0.2371547782874182 0.3640285154147553 0.321582758054227 0.40390581176374435 0.3853183927604252 0.5780137648289728 0.25835810188752184
0 0.13485629312456504 0.1101949580442418 0.0 0.04060148501610966 0.0 0.2922686717555803 0.1565557920418061 0.0 0.02177604344523449 0.0 0.0 0.04060148501610966
0 0.1763412071489738 0.10188560451664415 0.5511068424614998 0.09821810851113995 0.9012170656605117 0.09726172866107356 0.1763412071489738 0.10188560451664415 0.9009512875221191 0.0 0.179481201750015 0.0
0 0.9978687103079478 0.24396051121686035 0.9556305296950519 0.1970956761847196 0.8320738089985628 0.3311468743687194 0.8743251366022867 0.38282926447108634 0.9978687103079478 0.24396051121686035
