0 0.7020126951226957 0.8630859767590108 0.5633452619519925 0.8298737917097717 0.7020126951226957 0.8630859767590108 0.5918288920788244 1.0 0.9460182087782923 1.0
0 0.526964830682515 0.8237187626686996 0.42108059323135577 0.826358982444011 0.3801689023463769 0.8264481131638514 0.17680520202382385 0.8232770760878966 0.15518224466376268 0.8401874664611271 0.20394166696670746 1.0 0.5611242246902581 1.0
0 0.07810356819068227 0.8090380976657884 0.07810356819068227 0.8090380976657884 0.0 0.8063363996866163 0.0 1.0 0.1340629853530466 1.0 0.0 0.8063363996866163
0 0.053841487885114434 0.7187527717965168 0.026236555185544793 0.7513344260176819 0.034654407950265434 0.7489066216715339 0.04186642917960902 0.7452776233814578 0.04906734756788321 0.7368302945808256 0.05386245857024443 0.728388201299437 0.053841487885114434 0.7187527717965168 0.0 0.5666979153222719 0.0 0.7518328821144044 0.0 0.5666979153222719
0 0.4264306250266149 0.5204011331254957 0.23508430782326548 0.509977445728707 0.15927978894268413 0.5113469503671637 0.1292081878130581 0.5162301608931974 0.09192658560877834 0.5259480316005276 0.07871425871341248 0.5368167023560912 0.12730199689554017 0.7462967182026501 0.6404420857645009 0.7652897205484501 0.7126383371160598 0.5291684437614095 0.4264306250266149 0.5204011331254957
0 0.21112227822809113 0.005338817281848052 0.21358178026606078 0.02942400428356679 0.2184575739102569 0.058322283750801236 0.22696983911054613 0.09925698939374546 0.27544229574694207 0.25573716815775754 0.3033094809397369 0.3436063664183045 0.3131693029894224 0.45078636564648566 0.4780326037482877 0.45644992409222146 0.4883343747524092 0.21431999954460904 0.5011291221971991 0.011934067078908053 0.5007893698362492 0.0 0.2112547789056956 0.0
0 0.8932900976062731 0.15931665958595956 0.5565590936977597 0.04794873221306761 0.555403162484398 0.06963231865830334 0.5418221685614797 0.46353810644278126 0.5839428427896003 0.4658545331218763 0.7400482293855905 0.4722152800835223 0.8932900976062731 0.15931665958595956 0.6067935425421266 0.0 0.5833652653961855 0.0 0.6067935425421266 0.0
0 0.05091335748928575 0.47906066273065273 0.2397423696428865 0.4389007220092198 0.25173835003709344 0.4220118926267064 0.2516334090953158 0.373831649784611 0.24557014131856328 0.3521631813241059 0.21158402498004153 0.21733188515094143 0.16070523163831257 0.060856321038315384 0.16177641844288096 0.0 0.0 0.0 0.0 0.33066891715655633
0 0.95726857104467 0.054301679878256764 0.9794970208092385 0.0 0.8408076546203096 0.0
0 0.9546959123036958 0.21097581902071308 0.7301621433792674 0.7720271347616215 1.0 0.9249810857669738 1.0 0.2076371911646588
