0 0.901350835940035 0.9609529714194066 0.8662473737606411 0.9615705177294421 0.8660073333309593 1.0 1.0 1.0 1.0 0.9592191380983286
0 0.6162016039435694 0.9307767922434174 0.7108275332837134 0.926950480137964 0.7369457106689975 0.9269784938948452 0.7853651938215691 0.9270286964536438 0.810205330935348 0.9270537467025947 0.851287953842296 0.9270964929743666 0.8789785830863701 0.9271254567010624 0.9199478805537105 0.9271684690961812 0.942575634711035 0.9271935170895852 0.9448767181469637 0.927195123465113 0.9504446564424014 0.9272014547539675 0.9028467552579716 0.376283270599488 0.8680416646753053 0.37695127870029765 0.766397288937116 0.37890510526684856 0.6175986646201163 0.38176511583933675 0.6170585857588691 0.454738219561549 0.6168893661776998 0.4775649036017944 0.6166227802605438 0.5135895061664781 0.6164178330055012 0.5413107486904952 0.6161365783179894 0.5793398010452151 0.6158285649262626 0.6209324588131065 0.6158086492374464 0.6235431800580764 0.615772921178337 0.6284371219148346 0.6157334420090244 0.6337985640364009 0.6155119116960682 0.6637432045501347 0.6154945152640502 0.6661312754114879 0.6153914798734839 0.6800144088449556 0.6150347882783055 0.7282106506244421 0.6148807143870245 0.748981692764829 0.6147042835652856 0.7728624068873006 0.6162016039435694 0.9307767922434174 1.0 0.927252723490018 1.0 0.37441555092715934
0 0.823747635576007 0.9645151422943808 0.7239941635688603 0.9725143565591446 0.6025221688711105 0.9822549328381854 0.6016420577291817 1.0 0.8234778363426094 1.0
0 0.5626997388469428 0.9734061792279719 0.39862411855221025 0.9741617331787469 0.38013994545193525 0.9742470635723782 0.2826100816102768 0.9746957738949265 0.2323330879654044 0.9749276053521105 0.23108948042401894 1.0 0.5618839397956207 1.0
0 0.5721728007420285 0.6566622656751618 0.572268165695296 0.6336081912663466 0.5218363307314112 0.6341920741215672 0.4294677917032276 0.6352613297687547 0.3535308839232399 0.6361399593386207 0.305382819941459 0.6366970557247018 0.27958334081963704 0.6369950459677035 0.24190190429576872 0.6374320633898083 0.23830561297349007 0.758265229163468 0.2363797118194105 0.8229928519444698 0.23297651671918643 0.9373472672177734 0.2631154174027904 0.9373788285237029 0.2854856986038185 0.9374027749787011 0.398271459848183 0.9375207235318938 0.4243908585601209 0.9375475566711041 0.4817153269155517 0.9376069208039037 0.5297978916705766 0.9376574388378303 0.5710110787921416 0.9376999356170156 0.5721728007420285 0.6566622656751618
0 0.5841401143874942 0.4463766160726513 0.587334027096946 0.37480362678667967 0.2930000697559062 0.3810440930740818 0.25106877213024126 0.3819340135997042 0.25037001361079103 0.5207348558512115 0.24992131822149788 0.6098028199760085 0.36592625924195504 0.6096869316206085 0.42600036940008484 0.6096252847392613 0.4510078474850034 0.6096006266644258 0.5641444838291823 0.609486245180636 0.5768644124699487 0.6094739776978197 0.5791312718684117 0.5586634935568298 0.5841401143874942 0.4463766160726513
0 0.21795847336247606 0.3256624261862169 0.2170975515524637 0.028032162736170128 0.06642365326831724 0.03397948076405521 0.153815191490309 0.6080825237923505 0.1971425406048566 0.6070744188893548 0.21877049422079153 0.6065710681623919 0.21795847336247606 0.3256624261862169 0.0 0.036600660428922856 0.0 0.611659656416457
0 0.830747991876272 0.05389976231029515 0.731317219277826 0.052581757762538296 0.7297831542592264 0.07614148905465903 0.7273921765508222 0.11284492993109013 0.7256553114635934 0.13952157193079526 0.7242813597370967 0.1606262637616627 0.7245347219098675 0.17245783353188 0.7251077871363577 0.19923103905789832 0.726160349720944 0.248394495658944 0.7271753117202615 0.29583425098013927 0.7279710234793071 0.33300455975750815 0.7389841316952929 0.33295648268263056 0.8398297630403613 0.33252433527723574 0.8575766324223768 0.3324475744752997 0.9205504973074755 0.3321779625978095 0.9267151545492397 0.3321513342352291 0.9585152780368087 0.33201449442726366 0.9942221129393651 0.056065964236273705 0.9211922458477527 0.05509725285417557 0.9077370914470021 0.05491898636289955 0.8790812191028711 0.054540326351310446 0.830747991876272 0.05389976231029515 1.0 0.3318369448153029 1.0 0.056142437637883964
0 0.6562327675375741 0.054339773092545056 0.6027952095916986 0.053847666058796824 0.602505569466329 0.08192930078525566 0.5999318177128121 0.33115589310527827 0.6538615325905615 0.33162334294770024 0.6990031411287936 0.33201421571651013 0.6994172291688819 0.30688584592096446 0.7000969753746177 0.2656863448865549 0.7005714381409885 0.23689437161888635 0.7010101012047538 0.21027465584883415 0.7015358822395558 0.17838095446881563 0.7022988661975048 0.1320813981568045 0.7029614037565425 0.09187921200892173 0.6951718988961915 0.0784205282983371 0.693215624284986 0.07568033166826636 0.6879721810045438 0.07146391064482185 0.6737681011212183 0.060040589534494794 0.6562327675375741 0.054339773092545056
0 0.6005975635124613 0.028373094735136477 0.6409450156318834 0.028367752436017815 0.702539120348697 0.028358250544690686 0.702577924429976 0.022486762931647274 0.7027287451041834 0.0 0.6009366180356667 0.0
0 0.7320946199767038 0.026938724477188907 0.7496230875256384 0.027220847977055988 0.8259037778643236 0.02845158876372423 0.8675488341463194 0.029123183537445578 0.9019122270218114 0.029676808418629876 0.9249650856706402 0.03004984189061901 0.9485063826386843 0.030429042152455198 0.9987358289769999 0.031239326781490315 1.0 0.03125972408672953 1.0 0.0 0.7322477765152487 0.0
