0 0.06139928294225369 0.7999217009358937 0.0 0.7740765027567731 0.0 0.9499134566574603
0 0.696990741431482 0.9165743006593572 0.4765605831904876 0.8122643777805924 0.4058957142587759 0.9629826827106257 0.3239878603074337 0.9246173120832396 0.3826306465548899 0.7787430854276369 0.3838259518175162 0.7751271633534224 0.1718456434939181 0.6828427378399349 0.16463106534820407 0.6852673736312979 0.04494514139356984 0.9794302887623341 0.0630096391276585 0.9866180689734615 0.09391103253291323 1.0 0.6553712088976466 1.0
0 0.07576469253630326 0.7661642701018558 0.15474101590494888 0.5648379847451613 0.0 0.4939836521349996 0.0 0.7340387328471075
0 0.05728127603363882 0.016997415711758147 0.3054070810898707 0.13088390988925938 0.337872239969457 0.11997299449751142 0.3897530838034112 0.0 0.05005402764642373 0.0
0 0.251836680135868 0.17441192151319374 0.17988177485020065 0.5057626006933768 0.31157908443077564 0.2019364703933157 0.251836680135868 0.17441192151319374 0.0 0.058383056000284116 0.0 0.42602663568863824 0.0 0.058383056000284116
0 0.6202402707040345 0.485526812597467 0.3721300117193464 0.3788679197600197 0.3446020016572176 0.44638085956704526 0.3325561921628835 0.4403843985884633 0.26434320641968 0.6115745524090498 0.5220773432241437 0.7170081842121809 0.5497786387167318 0.7289925706395255 0.6383607204969569 0.5180087980282843 0.6479421528434427 0.49751117428655567 0.6202402707040345 0.485526812597467
0 0.8418574953543578 0.5826072459108405 0.7479091194185401 0.540654560060609 0.6509337201068836 0.7649068219253132 0.7496897407876467 0.8044395729907906 0.8418574953543578 0.5826072459108405
0 0.8704038832018066 0.4307758191048749 0.37057060339961134 0.21626256134068436 0.350228217239932 0.26810088966269685 0.876575534255136 0.501828398432873 0.8993116245154854 0.4439619316500943 0.8704038832018066 0.4307758191048749
0 0.41368868449792234 0.12462431345660765 0.3993550456040666 0.17283620202703018 0.5475134462635466 0.2435793981369501 0.8883423641889404 0.38014771421099075 0.9148351609951215 0.3897251839761561 1.0 0.19283916954089506 1.0 0.03785598956596412 0.9200266079158141 0.0 0.46818312842899823 0.0
0 0.9260979261680692 1.0 1.0 1.0 1.0 0.8535803357241242 0.9260979261680692 1.0
0 0.9793981651711435 0.7497332469761843 0.887840840051511 0.7005487690837744 0.8734822941976459 0.7379208378062962 0.851808152246699 0.730740441434446 0.8409707755634213 0.7271508595533135 0.9793981651711435 0.7497332469761843 0.7156169422956286 1.0 0.862413759315835 1.0
0 0.9739864026345819 0.4763212456828429 0.9619584102746316 0.47875585159419387 0.908098718984973 0.6101660862128906 0.9069060655828226 0.6149864459672867 0.9864465148643233 0.6714244680631816 0.9972911934959754 0.6786279510797244 1.0 0.6805778491072979 1.0 0.48857149773222697
0 0.9919057669948057 0.4172602560841697 1.0 0.42100060084826796 1.0 0.3978981647810845
