0 0.05251587039312199 0.0714317843192067 0.04406583814217137 0.059405314470223076 0.0404509567819697 0.057003745564130716 0.0 0.03785598956596412 0.0 0.19283916954089506
0 0.0480907667153193 0.7977633344055161 0.03362792678218248 0.7869544686225166 0.0 0.8535803357241242 0.0 1.0 0.3209822619290262 1.0
0 0.08600664070272251 0.5290735095042082 0.009086846223131445 0.687118893456758 0.013046744499144823 0.6875505504210327 0.017000588825669183 0.6857811781319398 0.02270182381900738 0.6809996601729695 0.09247647033072293 0.5452547873804631 0.09364179573110015 0.5420237500035189 0.09363054076469875 0.536887802915535 0.09289065367286324 0.5338083345664774 0.08918991742188133 0.5307495389488374 0.08600664070272251 0.5290735095042082 0.0 0.48857149773222697 0.0 0.6805778491072979 0.0 0.48857149773222697
0 0.6436554465376226 0.7687534515603277 0.15947364320388635 0.5590252815789802 0.07681385662637871 0.7266342973711877 0.15638611433981203 0.7975260408349798 0.6436554465376226 0.7687534515603277 0.41509052536390434 1.0 0.529776764847294 1.0
0 0.9447382560083354 0.8873403324661915 0.7146859828931064 0.7854608977121428 0.7098943088523837 0.795107537033598 0.9447382560083354 0.8873403324661915 0.6072963036975924 1.0 1.0 1.0 1.0 0.9114297819008329
0 0.9825049895051526 0.5511968782564558 0.8788247154717358 0.4610856337674905 0.8728101075604232 0.4623039012448958 0.8631897623876189 0.4647339104868702 0.7410235141633792 0.7239730391644074 0.9915632416916954 0.8402606688919654 0.9825049895051526 0.5511968782564558 1.0 0.8436699853268039 1.0 0.5714725607917622
0 0.7113374941285165 0.35666119600545027 0.35480517597413636 0.19242457420869707 0.3439810293113998 0.19485780857085508 0.33798025537319076 0.20209759610049036 0.20020815014574644 0.47823375917496425 0.2038520892250235 0.4938846897982206 0.20988923516083166 0.5035081873232246 0.6784081297533907 0.7036338236220498 0.686820612620376 0.6987969883347512 0.8257794850392398 0.41543103595661496 0.8221487087467649 0.4058035056593437 0.7113374941285165 0.35666119600545027
0 0.2692904265177976 0.15527271569030987 0.1259708573148668 0.09656519856734902 0.12681042903558898 0.4795996952264753 0.1735404311070653 0.38915830590699485 0.28376705619920845 0.17210370962928825 0.2692904265177976 0.15527271569030987 0.0 0.3978981647810845 0.0 0.42100060084826796
0 0.1498967668145399 0.032673870186440655 0.3125004383193592 0.10579231164013116 0.3173185272324235 0.10819123576681342 0.3712310950791422 0.0008718614117278645 0.3694802399378255 0.0 0.16394743369155912 0.0
0 0.9320191709609342 0.02734322651783064 0.3751657163516354 0.14901830769106172 0.8545550416604275 0.368391656324585 0.9467579361823474 0.1634216202995217 0.9647145513264448 0.1212237325780577 0.9682891281151617 0.10555756108954066 0.9670733071317349 0.09953804126042415 0.9646483715878184 0.0911110685934176 0.9622148804382862 0.07907141635152458 0.9573544250785764 0.05740097418334918 0.9320191709609342 0.02734322651783064 0.8755655851709566 0.0 0.4465272252187389 0.0 0.8755655851709566 0.0
0 0.9327073485177692 0.3405160280208158 0.9364551995508104 0.4031422843624569 1.0 0.43282966691989333 1.0 0.20374232338801185
