0 0.7522115494360676 0.45016553067065945 0.7291690669400926 0.44724687830165516 0.7126508537504022 0.4484296971992275 0.7046407763211403 0.45274807691313307 0.6973140407706256 0.4566971457324552 0.6644781856547562 0.5088353680725677 0.6631059071503486 0.5110134833708997 0.6547603022897952 0.5282812522139212 0.6444914227165606 0.5495275731790941 0.6470600125594883 0.5968074564717943 0.6508718272901468 0.6264557943801066 0.6530035860872244 0.6430297111703341 0.6773060487650523 0.7908294857179897 0.7549243411029121 0.7822063282979578 0.7765552753655556 0.7798035915694856 0.8145852023512984 0.7755787673554965 0.8580471823340065 0.7707499457351545 0.885801644405257 0.7676662101616869 0.8762240646075111 0.6511720678542506 0.8607096890964023 0.46247529868129006 0.7669710598613338 0.4520344959349606 0.7522115494360676 0.45016553067065945
0 0.5752311607370303 0.6530205378477404 0.5622929423895876 0.5514255930052248 0.5006610245418417 0.5594192085245467 0.46921057765575025 0.5634990224355445 0.47852325290620257 0.63677979068031 0.4822730967948005 0.6662919837697338 0.5247064334800142 0.6602342232016557 0.5752311607370303 0.6530205378477404
0 0.8877536910789754 0.23690469589091415 0.8877591138540831 0.27647191343785993 0.8877783025889813 0.4033787235796559 1.0 0.39581342364501665 1.0 0.23688838653048935
0 0.7969163908568322 0.19374693399916265 0.6515242781319757 0.19314081507948302 0.6500357890057136 0.2484097949709328 0.6460807902497685 0.3952092342261425 0.7319797627752144 0.42353272852954993 0.7863195301858042 0.431701376408171 0.8288902985222659 0.43810078332873403 0.8575207655520138 0.4424052696223637 0.8563475073485035 0.2909950549044505 0.8555960369678764 0.19399295029951355 0.7969163908568322 0.19374693399916265
0 0.9960949971065399 0.5625548004300074 0.9703978242905501 0.5875512096643696 0.8978403018281559 0.6196417477128214 0.9019803405722482 0.6582406823484187 0.9049666161376093 0.686081586373147 0.9097235792058485 0.7304270144885873 0.9123711267897339 0.755117213653929 1.0 0.74749785417536 1.0 0.5587561241370141
0 0.020922501794308098 0.026390349147452134 0.005638413865980287 0.3519716114651943 0.14559864678569948 0.35736511514595876 0.5672615479197877 0.3736149485604406 0.5795812685822134 0.12343111350335544 0.5856591939074564 0.0 0.02216134499447231 0.0
0 0.04595764778515616 0.42817134781394756 0.0038966231334478176 0.42652367460552454 0.12595035296145163 0.8517663800151444 0.3242763516327157 0.8345695062113667 0.3242481736737121 0.7352978668422409 0.3242002883008287 0.5647029289188491 0.3241963867933332 0.5509890215681391 0.3240744810592265 0.502806829953844 0.3156019810149611 0.4823492869160269 0.2951093459881759 0.46553812663463984 0.2348861304407585 0.43557673774998723 0.04595764778515616 0.42817134781394756 0.0 0.4809957807986772 0.0 0.862686730806361
0 0.3266468819591024 0.9065899414871261 0.15645596079727808 0.9202390751137042 0.0 0.9327860616797481 0.0 1.0 0.3303117605661699 1.0
0 0.5332811440564217 0.9419991572356001 0.5189590628568681 0.8569734602324938 0.40371695183444734 0.8660346038060215 0.3986132822924833 0.8664366837635272 0.36720367246818497 0.8771895298284328 0.3707386698015062 0.9289075128552375 0.3733398887770489 0.9669712984072434 0.37521897233166007 0.9944542025955762 0.5401345374081991 0.9826862972362045 0.5392147038831325 0.9772242736797997 0.5332811440564217 0.9419991572356001 0.3755980564562185 1.0 0.5430508419744373 1.0
0 0.9845106569819069 0.8044971987933739 0.9691577035881422 0.8059213176220237 0.9334443718485567 0.8092355468951083 0.9197429085805509 0.81050622314718 0.8612572272641985 0.8159318970067956 0.8429264181445675 0.8176324474680072 0.8391271258144477 0.8179843659862692 0.8222606157930054 0.8195498375044119 0.7665816070183913 0.8247154969527649 0.6946783307683017 0.8313857570395813 0.5670264612901174 0.8432279057715255 0.5753211744242112 0.8897834166871524 0.5778090915206063 0.9037482210297926 0.58427941919765 0.940063615441572 0.5882505860954782 0.9623519428338887 0.5949586739814017 1.0 1.0 1.0 1.0 0.8030599523285931
0 0.6519740981608401 0.03564542021209759 0.64946073712707 0.12082107163533644 0.7139733684914749 0.12145078152751355 0.8877955201552239 0.12314733387080465 0.8868170485229417 0.024322702998529597 0.8865762830505801 0.0 0.6530259350511585 0.0
0 0.907625993611979 0.013072346659414938 0.9043270426935395 0.21228481213085007 0.9925238566122822 0.21117189561362434 1.0 0.21107747164501292 1.0 0.0 0.9078425141117435 0.0
