0 0.35207344999184303 0.9775833257859738 0.19892356944188289 0.8860217913893202 0.35207344999184303 0.9775833257859738 0.13924210274259927 1.0 0.3809390227915774 1.0
0 0.17042750546161717 0.8425083872273536 0.08092945474867284 0.7914745196604115 0.17042750546161717 0.8425083872273536 0.0 0.9432214348258617 0.0 1.0 0.08657407851844685 1.0
0 0.4192072234303901 0.31134172486287404 0.3252607548406754 0.26938831628137844 0.16014904925023338 0.7009637456969398 0.13502508063022495 0.7672667268999057 0.18320848262781594 0.7912516584299374 0.18680232069922484 0.7840172170764668 0.4192072234303901 0.31134172486287404
0 0.8130815175895969 0.4959768268724437 0.48186162770512236 0.34974943488008803 0.3992009830161154 0.5173567370803351 0.24218715211717015 0.7995547759005714 0.42655054008925136 0.919604341287131 0.43136858193011807 0.9220027043543274 0.43382024889860565 0.9424739889631849 0.4350418343802851 0.950902987797291 0.6562866246617644 0.8781492649447761 0.7508977030649608 0.6731757530076644 0.8155267477126252 0.5140392561610041 0.8130815175895969 0.4959768268724437 0.5099221292157406 1.0 0.597085250968146 1.0
0 0.888607144395243 0.5306825383659065 0.737273908690372 0.9111533702771544 0.9527060525692059 1.0 0.9836080921275902 1.0 1.0 0.9574421497421798 1.0 0.5794885483943736
0 0.7250177818866892 0.9442475222996779 0.7021507704798626 1.0 0.8591107353344235 1.0
0 0.9129192074548786 0.48009986242054936 1.0 0.5189314195866253 1.0 0.2653420972960691
0 0.9782326171374938 0.08367244830913706 0.5202611210202824 0.30148515197257797 0.6262539870095098 0.3494343323539503 0.6274782131954134 0.35906776096862686 0.840672649243669 0.45737277467126997 0.995115379099712 0.10049888936960945 0.9782326171374938 0.08367244830913706 0.7983182510168259 0.0 0.6789273523309486 0.0 0.7983182510168259 0.0
0 0.40532247123867826 0.013857385004412654 0.3335832732735158 0.22359854673818585 0.4480042222973674 0.2739389434293592 0.45884407651178244 0.27873303569827834 0.5379474853395778 0.13522336891509404 0.6095599848668201 0.0 0.41005437898168695 0.0
0 1.0 0.05474524179612696 1.0 0.0 0.8799878572370498 0.0 1.0 0.05474524179612696
