0 0.8897708978503852 0.3256135862271834 0.8907568235264895 0.500244674437065 1.0 0.5043168046457839 1.0 0.0 0.9084895596778518 0.0
0 0.8414327581856762 0.0784969620667668 0.2547069194886244 0.048065655885763475 0.24367585214145285 0.4648896337331509 0.24685863716113862 0.4704520079206245 0.24928275735604621 0.47264703111004885 0.25324806468808675 0.4761586019926312 0.8233547242379544 0.49805464537139904 0.8414327581856762 0.0784969620667668
0 0.18918209061009844 0.03776783918786331 0.17783399234037156 0.4698125853630224 0.19481288183337264 0.049372423018417703 0.18918209061009844 0.03776783918786331 0.0 0.029105899427373436 0.0 0.46045723189500215 0.0 0.029105899427373436
0 0.13680628719282134 0.8419885951333064 0.14043710007101756 0.7785158720935101 0.0 0.7751291679628989 0.0 1.0 0.12776758947953523 1.0
0 0.1633040403936723 0.5230879005748308 0.14916243760575168 0.7595782701984596 0.1633040403936723 0.5230879005748308 0.0 0.5129559597969761 0.0 0.7530494030995472 0.0 0.5129559597969761
0 0.8214345261269221 0.5430559321000767 0.23592300642762143 0.5203255304535366 0.2292414199726035 0.7756897595527104 0.821346923200318 0.7976709515509 0.8214345261269221 0.5430559321000767
0 0.5191666305594016 0.8181568923498527 0.20013952885352143 0.805545950303476 0.25944958538914914 0.963007813171812 0.706270704145401 0.9820507893932603 0.7132310544424477 0.9529758770636356 0.7157997177192754 0.9256741283687034 0.715755101912932 0.9080631153936933 0.7077948249990416 0.8895926806389287 0.6954361747106452 0.8702532954687413 0.6742639300400667 0.8430110777754994 0.6610408084222551 0.8298370038946236 0.6395627460100879 0.8243388673283307 0.5191666305594016 0.8181568923498527 0.2926290667196063 1.0 0.697594783284838 1.0
0 0.8348623774187601 0.013808520057661927 0.8353182146879582 0.0 0.4852297084573553 0.0
0 0.8793164630531155 0.8305432669848775 0.891863081128229 1.0 1.0 1.0 1.0 0.835425658996913
0 0.873622041295075 0.5496751386840631 0.88085977642905 0.8035364453132146 1.0 0.8017056084782721 1.0 0.552055358901487
