0 0.19755249625364577 0.5988244453499201 0.18692999311814792 0.20736157293218985 0.19755249625364577 0.5988244453499201 0.0 0.2088566078587681 0.0 0.5971895964117896
0 0.20294183035527583 0.16505014707322874 0.19731503780146575 0.0 0.0 0.0 0.0 0.16773130478498893
0 0.5879690937923489 0.13022922124865272 0.5458226798156781 0.112267526127862 0.4548012957968546 0.2678918270751691 0.4081354252871637 0.36437703342049516 0.2968125922551488 0.5778723680295066 0.46041942754249754 0.583477585248536 0.5818877690539602 0.5747356449413425 0.7033136142403353 0.549128781803203 0.7513885366698619 0.5333466705496123 0.8498977365002183 0.4837063070768093 0.9327360146422509 0.42085639425357435 0.9423343475096737 0.41119517329990135 0.9302503011885047 0.3895431331617279 0.8928070994472262 0.32940993073864494 0.8602213225279643 0.2873331186214803 0.8107982874022605 0.24650387491785658 0.7240566244877726 0.19372314921392916 0.6228895160286851 0.14459401325348925 0.5879690937923489 0.13022922124865272
0 0.5644538755565147 0.07748845210001108 0.8174021204100879 0.21175552503464595 0.860471619446333 0.12009674055327135 0.9983135588815594 0.0 0.6053464303130417 0.0
0 0.974193892535378 0.24619563443050183 0.9851250698436349 0.28712271664727895 1.0 0.3008238842845926 1.0 0.22203249586441318
0 0.9300835638652396 0.9450754786400124 1.0 0.9957893422626255 1.0 0.8525719524237342
0 0.7539345149095215 0.626787718206926 0.9880569744436845 0.7838687688441722 1.0 0.7679847856191421 1.0 0.459974794458623
0 0.8866654197822547 0.959997075774341 0.8586206220015062 1.0 0.9431921987116078 1.0
0 0.18354715470578145 0.7924234521542483 0.15439448770582812 0.7909091348278104 0.13388243443901676 0.7927223036107729 0.03933247153910244 0.8390443972010125 0.09579966783929877 0.9676638772301563 0.1486739475336895 0.9611567098121752 0.20927165651162954 0.9328253696464766 0.22778440293993646 0.9015041532408535 0.18354715470578145 0.7924234521542483
0 0.4391516534267901 0.884949322347831 0.4214598487934428 0.7062312730244621 0.3054061490293061 0.7226747254292879 0.3300262290932954 0.8950466412608404 0.4391516534267901 0.884949322347831
