0 0.2836245967460788 0.4241366717152156 0.029565163209932417 0.34639847571703974 0.015175747685778136 0.36931545862148896 0.00918554015502487 0.38137353388936834 0.2836245967460788 0.4241366717152156 0.0 0.3990073123585129 0.0 1.0 0.05148927466635223 1.0
0 0.5858181729391023 0.5029728818636817 0.3438093021205881 0.4336404580238306 0.5858181729391023 0.5029728818636817 0.1180945784237657 1.0 0.388062575259656 1.0
0 0.6616713844489712 0.5244872169578002 0.4624048492449236 1.0 0.8287927592745569 1.0 1.0 0.6143417214649567 1.0 0.6113689676841145
0 0.9045086429974729 1.0 1.0 1.0 1.0 0.7729490502818146 0.9045086429974729 1.0
0 0.0004050795502863476 0.21757892895162984 0.029272809968319595 0.21269806272874517 0.13691205882093518 0.0 0.0 0.0 0.0 0.21745044980104108
0 0.4463611614097916 0.009427113067632555 0.09788759265766285 0.22579742469642455 0.10394628140468457 0.24505638776102742 0.33511749352965053 0.3107995491343226 0.33870595746702536 0.30115496908567424 0.4056535392697155 0.10226342269887434 0.423615497376851 0.06247583453413052 0.4463611614097916 0.009427113067632555 0.4223014296074498 0.0 0.21282030305485303 0.0 0.4223014296074498 0.0
0 0.7173295323449628 0.11603521221519393 0.5077858392260788 0.03579144275633449 0.4001169226088677 0.3214972050025567 0.6168627932873992 0.39329372672534607 0.6300905414761746 0.3896508239243559 0.7233586502801739 0.12204418535659012 0.7173295323449628 0.11603521221519393
0 0.9003810602419693 0.18670007653925214 0.8908104245837457 0.21201609428964513 0.8847892190776872 0.2096210376566807 0.7848468024664396 0.177317235106328 0.7010966554614239 0.3955180671698294 0.7119866516447426 0.4231987256388995 1.0 0.51104364467333 1.0 0.2211624394306824
0 0.8303490995477412 0.07603859993473636 0.8363894006577397 0.08686591019741567 1.0 0.15268332350812427 1.0 0.0 0.8601251831854331 0.0
0 0.7388646229729711 0.059375772595318003 0.7484458295438935 0.03887810883603559 0.7604888404229858 0.04366946224736289 0.7665106555802336 0.04606575468093964 0.7388646229729711 0.059375772595318003 0.7834261502320714 0.0 0.5849462725022601 0.0
