0 0.001184657378742014 0.6116731840679858 0.001184657378742014 0.6116731840679858 0.0 0.6113689676841145 0.0 0.6143417214649567 0.0 0.6113689676841145
0 0.5756156811790725 0.8260204427487291 0.5768115502809911 0.8224038850676834 0.4876840100906878 0.784055141791651 0.3877158239415979 0.7397079612207035 0.37903916637797763 0.7369709242999859 0.3385866466618449 0.7247304222729992 0.05779104802255403 0.6356390289315628 0.05419935759230591 0.6440785849202236 0.2780745281851856 1.0 0.5008330705122719 1.0 0.0 0.7729490502818146 0.0 1.0 0.24255368860271184 1.0
0 0.6790783589630413 0.8173614714646993 0.6682410837533795 0.813771350996433 0.9343410266438915 0.8938893988094857 0.6790783589630413 0.8173614714646993 0.5877113077454819 1.0 0.8799713107668088 1.0
0 0.7531766022334531 0.04028594105720475 0.7531766022334531 0.04028594105720475 0.7735896664847713 0.0 0.6599325931784239 0.0 0.7735896664847713 0.0
0 0.9639244374800037 0.12052540881400933 1.0 0.1364173000902743 1.0 0.03084945192034076
0 0.20384925527396364 0.298054495566728 0.20144023977801653 0.2968553444622364 0.16434515345805378 0.3908884307827504 0.1860196100565024 0.39806873177711594 0.2113095299157096 0.4076487379825829 0.20890782578400544 0.4100628836932131 0.18977189434091213 0.4631038318488171 0.16105739521082563 0.5378469008394967 0.4693102073154268 0.6359403671233037 0.551870143682092 0.42376437400885275 0.37244068725687673 0.35911445829992933 0.20384925527396364 0.298054495566728
0 0.1460344797176331 0.2716818812855905 0.017821850161198544 0.5164793614332418 0.03584914887467828 0.5068037098129771 0.05027278333144367 0.49954545111125453 0.1460344797176331 0.2716818812855905 0.0 0.2211624394306824 0.0 0.51104364467333 0.0 0.2211624394306824
0 0.6916265160539145 0.504159601734734 0.5591633578135794 0.4574744703415024 0.4825571014519307 0.640729029178698 0.611398377549218 0.6826044539109242 0.6916265160539145 0.504159601734734
0 0.951757068215544 0.6059717821401803 0.9613169739138386 0.5758379419177747 0.9288045580546243 0.5650694963661638 0.9156430229439438 0.5988239525285224 0.7819824064480942 0.5545511230974731 0.7759599329959788 0.5521548676777323 0.7329080055207754 0.6727013428940427 0.7365202222388524 0.6738978426707624 0.951757068215544 0.6059717821401803 1.0 0.7715670565972381 1.0 0.6254671981215685
0 0.9327675503926347 0.17841070067092737 0.9196048336885255 0.2121657838129478 0.8250639923220465 0.44725399463050464 1.0 0.518668696112673 1.0 0.20553787163929288
0 0.7918372363424278 0.11126774539852173 0.29002676906209934 0.08948404240016898 0.2948447971708953 0.0918829576813407 0.30207245511462316 0.09548102060572701 0.31893413890957656 0.10267062907783213 0.2578826476786702 0.2461413847658001 0.6769435008626785 0.3933767629367812 0.7918372363424278 0.11126774539852173 0.5273596533199003 0.0 0.33061390878897473 0.0 0.5273596533199003 0.0
0 0.17720753279593016 0.22102401413958314 0.03727712310268473 0.013555982451485413 0.027298199827659974 0.008880998097288116 0.16396720612781376 0.21864419290451678 0.17720753279593016 0.22102401413958314 0.27138496217900254 0.0 0.043456305720621834 0.0 0.03150157217273941 0.0 0.0 0.0 0.0 0.15268332350812427 0.27138496217900254 0.0
