0 0.95780986250015 0.939901777200493 0.9321742787340039 1.0 1.0 1.0 1.0 0.9537994202861251
0 0.9484258352114602 0.34079943873798474 1.0 0.3574939910300132 1.0 0.17104992274936448
0 0.9793334344056948 0.8784239102374595 0.9769376594596476 0.8832475350362079 1.0 0.8906756736486318 1.0 0.8275004497149608
0 0.9349799185172216 0.4063514692903865 0.8284934671464095 0.6812147724599269 0.7770657029449946 0.8234604445014382 0.9179440621349576 0.8677186781952059 1.0 0.6601390402814381 1.0 0.42700109705811023
0 0.8289805064789254 0.3547901705292744 0.8516707906544778 0.27644762624689334 0.868524322756898 0.2800239568421549 0.9031510859692896 0.1582917480940006 0.8983357687504271 0.1570978787630545 0.763493013209584 0.12125816719996557 0.7611098448995259 0.132104566280455 0.6382974293427371 0.09503330216251385 0.6013559649705706 0.2589282647786047 0.7169468365818633 0.29481036392954324 0.7217647988289477 0.29720928793146983 0.7146012616187956 0.3225194188604706 0.8289805064789254 0.3547901705292744
0 0.6401197341253698 0.9261440597188143 0.7465090193815559 0.6067151632163688 0.767881391270449 0.47658102798610397 0.7690746076913966 0.471759427462706 0.616193404736045 0.44077747618612745 0.6030866965268733 0.4998273367392758 0.6175365429814841 0.5046140224782745 0.6223524833945616 0.5058079009249561 0.5710038273690754 0.6841882748224711 0.552955010884728 0.6842278357735472 0.5481601862932953 0.6926700216778762 0.355645586222757 0.6955007207536535 0.3337893794493667 0.605210280062881 0.07585804095791802 0.9562882610919584 0.6401197341253698 0.9261440597188143 0.21565977076200957 0.0 0.12023577736072695 0.0 0.0 0.03247175436346897 0.0 0.5001134443664335
0 0.5268278843834221 0.2928183639058709 0.5159808818804195 0.28441108081179384 0.380037922365105 0.29554893806118 0.38126220616684753 0.30518298476835576 0.4288751128308329 0.6182513944558227 0.5515617482353192 0.5975058653155065 0.5440622411026156 0.46984456552015963 0.5328555242948956 0.29762351622278455 0.5268278843834221 0.2928183639058709
0 0.3159727579550303 0.16198816518905065 0.31961190418887014 0.17522961538317097 0.32202879605964935 0.18004268485666058 0.3256462159299999 0.1836480705230685 0.33046742136373053 0.18725143556249896 0.3340822028295793 0.18965238993079203 0.3389007684776754 0.19205070686839223 0.3461224154552788 0.19323932172102812 0.5553974431155613 0.15182733062734668 0.5787271606755977 0.0 0.2782562721896888 0.0
0 0.025324294001610858 0.957603272809662 0.015532256215913861 0.8817408866210665 0.0 0.8007083021794468 0.0 0.958979288442732
0 0.4056040979579826 0.9808613299164685 0.08076624522537554 0.9996403171722467 0.08078771462607849 1.0 0.4065567130456761 1.0
0 0.8458068107285808 0.8943757943100497 0.7555077220529884 0.869278810293414 0.8987818923004857 0.9087140636927586 0.8458068107285808 0.8943757943100497 0.7001087394938882 1.0 0.8622627751502105 1.0
