0 0.0 0.9234648058749048 0.0 1.0 0.2824884722848573 1.0 0.0 0.9234648058749048
0 0.9585867567819831 0.5537558405841109 0.9418848449652711 0.6188364982439456 0.9731925646944781 0.629608281963445 0.9588540072103989 0.6754115076834378 0.9287567567775651 0.6682503747004095 0.8345769945296 1.0 1.0 1.0 1.0 0.5638317890846263
0 0.6853025449953285 0.4856986813496071 0.6660402649287271 0.4809232111873942 0.5394914672048126 0.9340983845153578 0.578029341840227 0.9496721468414748 0.8959925211459725 0.541848339720587 0.6853025449953285 0.4856986813496071 0.5697638190464321 1.0 0.773973613841356 1.0
0 0.5198486633543508 0.7558730199557026 0.023812834469277285 0.6184414511231275 0.14956065051781367 0.8976132078154379 0.19290704279091073 0.9107676530544195 0.45897938193692334 0.9824555483583596 0.5198486633543508 0.7558730199557026 0.0 0.70924623861339 0.0 0.8521390848321281
0 0.43969506785595786 0.41878478894866167 0.10379835501351779 0.33038730022268964 0.040526304437646675 0.5581792989191025 0.18139964789880467 0.6012328312316562 0.2090892831872839 0.6083993850629626 0.5377730479349841 0.6992214394816432 0.5914794054333763 0.4991540275576456 0.4313443246569745 0.4513247642190101 0.43730725487144395 0.4272217047002766 0.43969506785595786 0.41878478894866167
0 0.036375892631686044 0.3112628035796609 0.0 0.30116124959147483 0.0 0.4572695704304134
0 0.38921977861833673 0.3264233264378872 0.39256883824416455 0.32734598196455605 0.632159134487029 0.39427251600924096 0.7346945221424638 0.0 0.47320575747154314 0.0
0 0.9764693937913854 0.4739855939176216 1.0 0.4805868038466125 1.0 0.39446292473292005
0 0.18373921033531962 0.021856479860317763 0.12287642796889114 0.2508477193218209 0.22160706799232233 0.2807440960907874 0.24929726366661167 0.2879100157184456 0.3619039709433848 0.31890508429961756 0.44656871248644947 0.0 0.18944134841531607 0.0
0 0.7471615053695078 0.16275321192749523 0.6862994647824107 0.39174480432491376 0.7850303653923149 0.42164022035564847 0.8127206314192675 0.4288066595490457 0.9559919529513577 0.46824089226707183 0.8343811735484706 0.0 0.7899823706251261 0.0 1.0 0.32198819321564426 1.0 0.03793731545962068 0.8343811735484706 0.0
0 0.07592605035107255 0.24010943784270414 0.13558900254008263 0.012325911603952517 0.1387403295113711 0.0 0.0 0.0 0.0 0.21921125539029354
