0 0.029850830078125 0.4753222787385554 0.164255859375 0.47662441505595116 0.1603487548828125 0.07299287894201424 0.01953125 0.09228891149542218 0.029850830078125 0.4753222787385554
0 0.324447998046875 0.46881200406917595 0.3142894287109375 0.0625766022380468 0.17578125 0.08211597151576806 0.197857177734375 0.48183255340793485 0.324447998046875 0.46881200406917595
0 0.3424207763671875 0.05997253306205493 0.3417195495605469 0.05997253306205493 0.35414208984375 0.46360386571719225 0.485421630859375 0.4557916581892167 0.4737001953125 0.05346225839267548 0.3424207763671875 0.05997253306205493
0 0.637799560546875 0.25527792472024413 0.62842236328125 0.03783784333672432 0.499267578125 0.0434587995930824 0.511989990234375 0.27220447609359105 0.637799560546875 0.25527792472024413
0 0.8222158203125 0.23444537131230925 0.8151829833984375 0.010495015259409969 0.682373046875 0.02921668362156663 0.68546630859375 0.24355971515768057 0.8222158203125 0.23444537131230925
2 0.8339371337890625 0.6133381485249236 0.8222158203125 0.3034533062054934 0.522929931640625 0.33991047812817904 0.536214111328125 0.6406809766022381 0.8339371337890625 0.6133381485249236
0 0.487765869140625 0.5078732451678535 0.354923583984375 0.5221957273652086 0.3674263916015625 0.933639471007121 0.50183154296875 0.9271291963377416 0.4862030029296875 0.5117792472024415 0.487765869140625 0.5078732451678535
0 0.3447650146484375 0.9271540183112921 0.3283551025390625 0.5274284842319431 0.189208984375 0.5358290946083418 0.20957861328125 0.9505906408952187 0.3447650146484375 0.9271540183112921
0 0.0306322021484375 0.5482612410986776 0.045479248046875 0.9701212614445575 0.1861357421875 0.9636111902339777 0.166015625 0.5480366225839267 0.0306322021484375 0.5482612410986776
0 0.6565535888671875 0.9102274669379451 0.6510836181640625 0.6927873855544253 0.52490234375 0.7108036622583926 0.52839990234375 0.9206437436419125 0.6565535888671875 0.9102274669379451
0 0.845658447265625 0.8893949135300102 0.832374267578125 0.6745586978636826 0.704220703125 0.6914852492370295 0.719067626953125 0.912831536113937 0.845658447265625 0.8893949135300102
0 0.980844970703125 0.4102205493387589 0.9691236572265625 0 0.83740234375 0.0007324516785350967 0.85972412109375 0.4336571719226857 0.980844970703125 0.4102205493387589
0 0.869585205078125 0.8993171922685657 0.9998779296875 0.8784844354018312 0.98876953125 0.4625839267548321 0.85786376953125 0.4839672431332655 0.869585205078125 0.8993171922685657
0 0.874273681640625 0.9930636826042727 0.9998779296875 0.999796541200407 0.9993016357421876 0.9305658189216683 0.8781807861328125 0.9370760935910478 0.874273681640625 0.9930636826042727
0 0.8594266357421875 0.999796541200407 0.8539566650390625 0.9409822990844354 0.71044921875 0.95088504577823 0.7117373046875 0.9969698880976602 0.8594266357421875 0.999796541200407
0 0.5359166259765625 0.9644189216683621 0.5312281494140625 0.9956677517802646 0.6718846435546875 0.999796541200407 0.67138671875 0.9651271617497458 0.5359166259765625 0.9644189216683621
0 0.510129638671875 0.9657208545269583 0.3647845458984375 0.9761373346897254 0.3655660400390625 0.999796541200407 0.5116925048828125 0.9956677517802646 0.51025390625 0.9712309257375382 0.510129638671875 0.9657208545269583