0 0 0 0 0.4922488301119023 0.178321533203125 0.4740203458799593 0.181884765625 0 0 0
0 0.322103759765625 0.500061037639878 0.3064752197265625 0.0886172939979654 0.2408355712890625 0.10163763987792472 0.2400540771484375 0.09382543234994914 0.2400540771484375 0.10293977619532045 0.240478515625 0.10042726347914548 0.2556826171875 0.5052691759918617 0.322103759765625 0.500061037639878
0 0.4822958984375 0.4753222787385554 0.4635416259765625 0.06648260427263479 0.3314808349609375 0.08731515768056969 0.3502349853515625 0.493550966429298 0.4822958984375 0.4753222787385554
0 0.64405078125 0.4596978636826043 0.62842236328125 0.0625766022380468 0.494384765625 0.06177009155645982 0.5104271240234375 0.47792634791454724 0.64405078125 0.4596978636826043
0 0.8003358154296875 0.4336571719226857 0.790958740234375 0.04174384537131231 0.653076171875 0.059735503560529 0.666712158203125 0.4557916581892167 0.8003358154296875 0.4336571719226857
0 0 0.7982398779247203 0.0712662353515625 0.7891257375381485 0.0751734619140625 0.9662026449643948 0.337732177734375 0.9427660223804679 0.324447998046875 0.5417385554425229 0.001220703125 0.5724516785350966 0 0.7982398779247203
0 0 0.9948474059003052 0.05720068359375 0.993545473041709 0.057982177734375 0.8399051881993896 0.0025008544921875 0.8307908443540183 0 0.9948474059003052
0 0.49792431640625 0.9427660223804679 0.4807330322265625 0.5326244150559512 0.3447650146484375 0.5456447609359105 0.363519287109375 0.957088504577823 0.49792431640625 0.9427660223804679
0 0.6612423095703125 0.9193293997965412 0.6401436767578125 0.5196040691759918 0.5104271240234375 0.5300203458799594 0.518241455078125 0.9349538148524923 0.6612423095703125 0.9193293997965412
0 0.8144014892578125 0.8971947100712107 0.799554443359375 0.4961672431332655 0.6737449951171876 0.5052815869786368 0.670166015625 0.5073448626653102 0.683903564453125 0.9141212614445575 0.8144014892578125 0.8971947100712107
0 0.9792821044921876 0.8906846388606308 0.9620909423828125 0.5013753814852493 0.8331558837890625 0.5117916581892167 0.84175146484375 0.9050071210579856 0.9792821044921876 0.8906846388606308
0 0.9581837158203125 0.4349466937945066 0.9425552978515624 0.026107019328585963 0.814208984375 0.04549338758901322 0.8347186279296875 0.445362970498474 0.9581837158203125 0.4349466937945066