0 0 0 0 0.20059247202441507 0.09521484375 0.19401831129196337 0.095490478515625 0.19751881993896234 0.0900205078125 0 0 0
0 0 0.3517818921668362 0.0970533447265625 0.3426675483214649 0.0970533447265625 0.22157822990844353 0 0.23471007121057985 0 0.3517818921668362
0 0 0.48589175991861644 0.1056490478515625 0.4650592065106816 0.0986162109375 0.37782258392675483 0 0.3954425228891149 0 0.48589175991861644
0 0.151753173828125 0.45853652085452695 0.219737060546875 0.4715568667344863 0.2205184326171875 0.05881119023397762 0.1494088134765625 0.06922746693794506 0.151753173828125 0.45853652085452695
0 0.3041309814453125 0.4572345879959308 0.2728740234375 0.05230091556459818 0.228271484375 0.05566632756866735 0.2408355712890625 0.46765086469989825 0.3041309814453125 0.4572345879959308
0 0.3807105712890625 0.4520264496439471 0.359612060546875 0.04839491353001017 0.2963167724609375 0.05490518819938962 0.3267923583984375 0.45853652085452695 0.3807105712890625 0.4520264496439471
0 0.5409027099609375 0.4468183112919634 0.5276185302734375 0.03928056968463886 0.39321337890625 0.04839491353001017 0.3924320068359375 0.06792553407934893 0.411967529296875 0.46114059003051877 0.5409027099609375 0.4468183112919634
0 0.7010948486328125 0.4311936927772126 0.6878106689453125 0.019750152594099697 0.557861328125 0.03735503560528993 0.57606689453125 0.44421424211597155 0.7010948486328125 0.4311936927772126
0 0.8581612548828125 0.4103611393692777 0.84253271484375 0.004125534079348932 0.7177734375 0.01293997965412004 0.730007568359375 0.4246836215666328 0.8581612548828125 0.4103611393692777
0 0 0.999796541200407 0.1165889892578125 0.999796541200407 0.1111190185546875 0.519769481180061 0 0.5398982706002035 0 0.999796541200407
0 0.247868408203125 0.9455357070193285 0.22755126953125 0.5406020345879959 0.142822265625 0.5398982706002035 0.1712886962890625 0.9598579857578841 0.247868408203125 0.9455357070193285
0 0.4033719482421875 0.9260050864699897 0.3814920654296875 0.5145613428280773 0.2470869140625 0.5327898270600203 0.2619339599609375 0.9416297049847405 0.4033719482421875 0.9260050864699897
0 0.55887548828125 0.9064744659206511 0.542465576171875 0.5067491353001017 0.409623291015625 0.5093532044760936 0.408935546875 0.5093794506612411 0.4213447265625 0.9364213631739574 0.55887548828125 0.9064744659206511
0 0.72453759765625 0.8986622583926756 0.704220703125 0.4846144455747711 0.567626953125 0.49717192268565613 0.581536865234375 0.9220990844354019 0.72453759765625 0.8986622583926756
0 0.8784783935546875 0.8947562563580874 0.8675384521484375 0.48070844354018305 0.7253189697265625 0.48852065106815873 0.739384765625 0.9051725330620549 0.8784783935546875 0.8947562563580874
0 0.8776635073242187 0.0034668246185147506 0.8737530517578125 0.006259206510681587 0.883130126953125 0.41119267548321464 0.9995625 0.39947446592065106 0.9979996337890625 0.0010510681586978637 0.8776635073242187 0.0034668246185147506
0 0.9998779296875 0.8839383519837233 0.9979996337890625 0.4659845371312309 0.883130126953125 0.48160895218718214 0.91047998046875 0.8956567650050865 0.9998779296875 0.8839383519837233
0 0.9998779296875 0.9920075279755849 0.9972181396484375 0.9308118006103763 0.8984375 0.9488504577822992 0.902665771484375 0.999796541200407 0.9998779296875 0.9920075279755849
0 0.880785888671875 0.9907053916581893 0.880785888671875 0.9529462868769074 0.7373046875 0.9590233977619533 0.7409107666015625 0.999796541200407 0.880785888671875 0.9907053916581893
0 0.5838443603515625 0.9685709053916581 0.5815001220703125 0.999796541200407 0.719812255859375 0.999796541200407 0.7174681396484375 0.9516443540183114 0.5838443603515625 0.9685709053916581