0 0 0.518289521871821 0.1017418212890625 0.5091751780264496 0.0884576416015625 0.09122136317395728 0 0.09635808748728383 0 0.518289521871821
0 0.1329989013671875 0.08601322482197354 0.1220589599609375 0.09512736520854527 0.1384688720703125 0.48183255340793485 0.2509940185546875 0.47662441505595116 0.241616943359375 0.092523499491353 0.1275289306640625 0.09512736520854527 0.1329989013671875 0.08601322482197354
0 0.426033203125 0.4753222787385554 0.4088419189453125 0.07429481180061037 0.2759996337890625 0.0795029501525941 0.2744368896484375 0.0795029501525941 0.2845953369140625 0.47792634791454724 0.426033203125 0.4753222787385554
0 0.58075537109375 0.45188565615462867 0.564345458984375 0.06127446592065106 0.4369732666015625 0.06127446592065106 0.4385360107421875 0.06387853509664293 0.4557274169921875 0.4570937945066124 0.58075537109375 0.45188565615462867
0 0.736259033203125 0.45058351983723294 0.71984912109375 0.04044191251271617 0.58935107421875 0.05346225839267548 0.60888671875 0.4623019328585961 0.736259033203125 0.45058351983723294
0 0.0001566162109375 0.9792354018311292 0.117370361328125 0.9714231943031536 0.1017418212890625 0.5534693794506612 0.001220703125 0.5663479145473042 0.0001566162109375 0.9792354018311292
0 0.2752181396484375 0.9401743641912513 0.2627154541015625 0.5456571719226857 0.13143603515625 0.5560734486266531 0.145501708984375 0.9571009155645981 0.2752181396484375 0.9401743641912513
2 0.590132568359375 0.9193418107833163 0.57606689453125 0.5326368260427263 0.30569384765625 0.562583519837233 0.3166337890625 0.9336640895218717 0.590132568359375 0.9193418107833163
0 0.7550133056640626 0.9115296032553407 0.7339146728515625 0.49748179043743646 0.608105224609375 0.5300327568667345 0.6245152587890626 0.9219458799593081 0.7550133056640626 0.9115296032553407
0 0.9402108154296875 0.8919989827060021 0.922238037109375 0.47274303153611397 0.77880859375 0.4910681586978637 0.7956473388671875 0.906321464903357 0.9402108154296875 0.8919989827060021
0 0.9191124267578125 0.42842421159715155 0.90817236328125 0.013074262461851477 0.774548828125 0.01828260427263479 0.793302978515625 0.4349342828077315 0.9191124267578125 0.42842421159715155
0 0.9998779296875 0.4211259409969481 0.9989735107421875 0.0031719226856561544 0.9294267578125 0.012286266531027467 0.93017578125 0.01293997965412004 0.950525146484375 0.42763621566632753 0.9998779296875 0.4211259409969481
0 0.9989735107421875 0.8833491353001017 0.9997550048828125 0.478415462868769 0.94036669921875 0.4849257375381485 0.9434923095703125 0.4849257375381485 0.965372314453125 0.8911613428280774 0.9989735107421875 0.8833491353001017
0 0.930989501953125 0.999796541200407 0.9270823974609375 0.939361546286877 0.8012730712890626 0.9536838250254323 0.802001953125 0.9569888097660224 0.80518017578125 0.9979532044760935 0.930989501953125 0.999796541200407