0 0.0220364990234375 0.55213001017294 0.0462607421875 0.5534321464903358 0.034539306640625 0.6510850457782299 0.1822286376953125 0.684937945066124 0.233021240234375 0.10292736520854527 0.07908056640625 0.09641709053916582 0.0220364990234375 0.55213001017294
0 0.25674347705078127 0.10745562706002035 0.2556826171875 0.10813550356052899 0.2298956298828125 0.4974445574771109 0.3979019775390625 0.5182771108850458 0.4190003662109375 0.13157212614445576 0.25674347705078127 0.10745562706002035
0 0.3861805419921875 0.7044683621566633 0.390087646484375 0.5547340793489318 0.2291141357421875 0.5404118006103763 0.216611328125 0.683636012207528 0.3861805419921875 0.7044683621566633
0 0.583881103515625 0.7187908443540183 0.6026353759765625 0.13938433367243133 0.4440059814453125 0.15240467955239062 0.4166561279296875 0.7005623601220753 0.583881103515625 0.7187908443540183
0 0.42368896484375 0.08860488301119024 0.4244703369140625 0.0039725330620549336 0.2588082275390625 0.010482604272634791 0.2619339599609375 0.07949053916581893 0.42368896484375 0.08860488301119024
0 0.44921875 0 0.4424432373046875 0.09511495422177009 0.605760986328125 0.10553143438453713 0.6073238525390625 0 0.44921875 0
0 0.628662109375 0 0.6213895263671875 0.09511495422177009 0.801898681640625 0.12636398779247202 0.801898681640625 0 0.628662109375 0
0 0.7815816650390625 0.7370193285859613 0.7956473388671875 0.17323723296032553 0.6190452880859375 0.15631088504577823 0.612012451171875 0.7266030518819939 0.7815816650390625 0.7370193285859613
0 0.9745936279296875 0.14459247202441505 0.9730306396484375 0 0.823974609375 0.0007324516785350967 0.8206529541015625 0.1341761953204476 0.9745936279296875 0.14459247202441505
0 0.8210947265625 0.160723499491353 0.81640625 0.5695631739572736 0.9867568359375 0.5890935910478128 0.978942626953125 0.19067039674465922 0.8203125 0.15739572736520854 0.8210947265625 0.160723499491353
0 0.815624755859375 0.7531503560528993 0.9867568359375 0.7739829094608343 0.9773797607421875 0.6646118006103764 0.813280517578125 0.6450813835198372 0.815624755859375 0.7531503560528993
0 0.8093734130859375 0.914603051881994 0.806247802734375 0.9992354018311292 0.9998779296875 0.9953293997965412 0.9945711669921875 0.9445497456765006 0.910958740234375 0.9185090539165819 0.907051513671875 0.8234604272634791 0.849609375 0.8145676500508647 0.8461004638671875 0.914603051881994 0.8093734130859375 0.914603051881994
0 0.614798583984375 0.7883053916581892 0.6022957763671875 0.999796541200407 0.7749908447265625 0.999796541200407 0.78369140625 0.8125330620549338 0.614798583984375 0.7883053916581892
0 0.567131591796875 0.9992354018311292 0.5749459228515625 0.793513530010173 0.44196656103515625 0.7794248878942015 0.4092838134765625 0.8351786368260428 0.4006881103515625 0.9080927772126144 0.396781005859375 0.9953293997965412 0.567131591796875 0.9992354018311292
0 0.1889219970703125 0.9953293997965412 0.2787857666015625 0.9966313326551374 0.2787857666015625 0.9458518819938962 0.3788082275390625 0.9497580874872837 0.3874039306640625 0.8690317395727366 0.197517578125 0.8429908443540184 0.1889219970703125 0.9953293997965412
0 0 0.9924893184130213 0.158176025390625 0.9989995930824007 0.1730230712890625 0.7438002034587996 0.01220703125 0.7169074262461851 0 0.8128081383519837 0 0.9924893184130213