0 0.246056396484375 0.050144659206510685 0.2678831787109375 0 0.124740234375 0.008701525940996949 0.1105274658203125 0.08820467955239064 0.246056396484375 0.050144659206510685
0 0.000384521484375 0.1778732451678535 0.0013997802734375 0.3157350966429298 0.0973299560546875 0.133046998982706 0.024581298828125 0.135281993896236 0.000384521484375 0.1778732451678535
0 0.1191627197265625 0.23876927772126144 0.1785517578125 0.12120610376398779 0.1739833984375 0.11528565615462869 0.1044423828125 0.12458921668362156 0.1058424072265625 0.12867385554425229 0.0729713134765625 0.19986347914547303 0.1191627197265625 0.23876927772126144
0 0.1719530029296875 0.2768292980671414 0.2582447509765625 0.10090742624618515 0.25164599609375 0.0941412004069176 0.18667333984375 0.1119025432349949 0.1277918701171875 0.24384394710071208 0.1719530029296875 0.2768292980671414
0 0 0.49165717192268565 0.1161170654296875 0.25230172939979656 0.0646092529296875 0.2106148524923703 0 0.34195422177009155 0 0.49165717192268565
0 0.0008922119140625 0.5559363173957274 0.035408935546875 0.5847167853509664 0.1653541259765625 0.29376907426246185 0.1209083251953125 0.2555503560528993 0 0.5111100712105799 0.0008922119140625 0.5559363173957274
0 0.0024149169921875 0.999796541200407 0.08007763671875 0.999796541200407 0.1739833984375 0.7703348931841302 0.1689073486328125 0.7415784333672432 0.0535079345703125 0.6401444557477111 0 0.7767688708036623 0.0024149169921875 0.999796541200407
0 0.1892113037109375 0.999796541200407 0.2531688232421875 0.8261562563580875 0.18989453125 0.7656992878942014 0.096828369140625 0.999796541200407 0.1892113037109375 0.999796541200407
0 0.2810867919921875 0.999796541200407 0.320679443359375 0.887898067141404 0.2643360595703125 0.8346140386571719 0.19936328125 0.999796541200407 0.2810867919921875 0.999796541200407
0 0.3765152587890625 0.999796541200407 0.39428125 0.9572518819938962 0.3302459716796875 0.9005055951169887 0.2876854248046875 0.999796541200407 0.3765152587890625 0.999796541200407
0 0.449609619140625 0.999796541200407 0.4049407958984375 0.966555442522889 0.3912357177734375 0.999796541200407 0.449609619140625 0.999796541200407
0 0.1881961669921875 0.7364795523906409 0.315095947265625 0.4133922685656155 0.2003785400390625 0.32035645981688704 0.0623116455078125 0.629911495422177 0.1881961669921875 0.7364795523906409
0 0.3282933349609375 0.8658836215666328 0.4475791015625 0.5292638860630722 0.323109375 0.4247188199389623 0.1973328857421875 0.7525493387589014 0.3282933349609375 0.8658836215666328
0 0.4561351318359375 0.5348809766022381 0.3373570556640625 0.8723466937945066 0.473901123046875 0.9966760935910477 0.5784664306640624 0.6431405900305188 0.4561351318359375 0.5348809766022381
0 0.5942020263671876 0.9992134282807732 0.595724853515625 0.918864496439471 0.6287188720703125 0.6727428280773143 0.5883656005859375 0.6427877924720244 0.48608349609375 0.999796541200407 0.5942020263671876 0.9992134282807732
0 0.7119649658203125 0.7623953204476093 0.731253662109375 0.6194587995930824 0.7068890380859375 0.5611001017293997 0.6462506103515625 0.6137119023397761 0.6271959228515624 0.7598579857578841 0.7119649658203125 0.7623953204476093
0 0.6023236083984375 0.9374716174974567 0.602831298828125 0.993292980671414 0.6825242919921874 0.999796541200407 0.7084117431640625 0.7852313326551373 0.62516552734375 0.7733904374364191 0.6023236083984375 0.9374716174974567
0 0.7876461181640625 0.9975218718209562 0.7790169677734375 0.8621971515768057 0.77394091796875 0.7201064089521871 0.74856103515625 0.6718970498474058 0.733474609375 0.6824366225839268 0.6937403564453125 0.9983676500508647 0.7876461181640625 0.9975218718209562
0 0.8846435546875 0.9992134282807732 0.8658623046875 0.9256307222787387 0.8308380126953125 0.8486649033570702 0.7873948974609375 0.7696642929806714 0.7973365478515625 0.9958303153611394 0.8846435546875 0.9992134282807732
0 0.7193299560546875 0.5526423194303154 0.8792236328125 0.9129440488301119 0.8878529052734375 0.9966760935910477 0.9990169677734375 0.999796541200407 0.9998779296875 0.8385155645981689 0.8330321044921875 0.45030315361139367 0.7193299560546875 0.5526423194303154
0 0.40360302734375 0.04011881993896236 0.307666748046875 0.08325371312309257 0.2071622314453125 0.30907650050864705 0.3213719482421875 0.3936543234994913 0.4551507568359375 0.04144638860630722 0.40360302734375 0.04011881993896236
0 0.332010009765625 0.4097241098677518 0.4497728271484375 0.5019139369277722 0.5619522705078125 0.19320488301119024 0.504593505859375 0.029123702950152593 0.473388427734375 0.034838250254323494 0.332010009765625 0.4097241098677518
0 0.5991217041015625 0.6296329603255341 0.695057861328125 0.5526671414038657 0.694042724609375 0.5323684638860631 0.5677489013671875 0.2092931841302136 0.4600396728515625 0.5205275686673448 0.5991217041015625 0.6296329603255341
0 0.7144302978515625 0.5277615462868769 0.8286400146484375 0.42965127161749744 0.781433349609375 0.3374614445574771 0.6809287109375 0.10233489318413021 0.6591019287109375 0.006761953204476093 0.5834697265625 0.02875218718209563 0.7078314208984375 0.3349241098677518 0.70072509765625 0.34676500508646996 0.5773785400390625 0.024523296032553408 0.51382861328125 0.030873245167853506 0.7144302978515625 0.5277615462868769
0 0.9998779296875 0.7502760935910479 0.998354736328125 0.4170392675483215 0.9912484130859375 0.3155458799593082 0.86079541015625 0.4297259409969481 0.9998779296875 0.7502760935910479
0 0.8867274169921875 0.08964028484231942 0.9176907958984375 0.13954120040691761 0.977079833984375 0.2689452695829095 0.98469384765625 0.2647163784333672 0.9461163330078125 0 0.8598245849609375 0.0008335707019328587 0.8595528564453125 0 0.8674385986328125 0.046505595116988804 0.8867274169921875 0.08964028484231942
0 0.998399169921875 0 0.9673934326171875 0.004440691759918617 0.9998779296875 0.1978998982706002 0.998399169921875 0
0 0.8469896240234375 0 0.6830352783203125 0.0018878942014242115 0.7119683837890625 0.10761017293997965 0.7520687255859375 0.19810844354018312 0.855618896484375 0.41631943031536117 0.9799805908203125 0.30298494404883014 0.8535885009765625 0.045868362156663275 0.8485125732421875 0.001042115971515768 0.8469896240234375 0