0 0.0011280517578125 0.4782756866734486 0.026195068359375 0.6003098677517803 0.0387286376953125 0.5952948118006103 0.0968841552734375 0.18489175991861648 0 0.1934419125127162 0.0011280517578125 0.4782756866734486
0 0.00162939453125 0.8585568667344862 0.02318701171875 0.6938942014242115 0.02318701171875 0.6821922685656154 0.0021307373046875 0.7014168870803662 0.00162939453125 0.8585568667344862
0 0 0.6788488301119023 0.0196776123046875 0.6646392675483215 0.000626708984375 0.5746856561546286 0 0.6788488301119023
0 0.2858897705078125 0.8827342828077315 0.028936306274414063 0.8802340168870804 0.0121575927734375 0.999796541200407 0.32800244140625 0.9980817904374364 0.3264984130859375 0.9144966429298067 0.2858897705078125 0.8827342828077315
0 0.41272900390625 0.9529458799593082 0.4142330322265625 0.9989175991861649 0.6808837890625 0.9989175991861649 0.6748677978515625 0.8844061037639878 0.4983956298828125 0.8802268565615462 0.5000877685546875 0.9225051881993896 0.4182437744140625 0.9203477110885045 0.41272900390625 0.9529458799593082
0 0.38058056640625 0.678013021363174 0.3770711669921875 0.7992113936927772 0.5580552978515625 0.8067340793489318 0.55930859375 0.6822693794506612 0.38058056640625 0.678013021363174
2 0.69893212890625 0.8117491353001017 0.6924146728515626 0.6846996948118006 0.5674554443359375 0.6812248219735503 0.56808203125 0.8084059003051882 0.69893212890625 0.8117491353001017
0 0.3686739501953125 0.8596651068158697 0.454035888671875 0.8629662258392676 0.45381591796875 0.8218846388606308 0.3796741943359375 0.8182166836215666 0.3686739501953125 0.8420585961342828 0.3686739501953125 0.8596651068158697
0 0.56711865234375 0.867001017293998 0.5657987060546875 0.8273867751780265 0.4936368408203125 0.8242284842319431 0.4945169677734375 0.8655338758901323 0.56711865234375 0.867001017293998
0 0.6338353271484375 0.8714026449643948 0.6344952392578125 0.8299542217700915 0.6080396728515625 0.828812004069176 0.6074346923828124 0.8688349949135299 0.6338353271484375 0.8714026449643948
0 0.816604736328125 0.8750706002034587 0.81066455078125 0.8343558494404884 0.652040771484375 0.8283536113936928 0.65424072265625 0.8732366225839266 0.816604736328125 0.8750706002034587
0 0.8982266845703125 0.806845981688708 0.988597900390625 0.8052492370295016 0.982576904296875 0.727259003051882 0.890872802734375 0.7280311291963377 0.8982266845703125 0.806845981688708
0 0.705281982421875 0.811008952187182 0.8887664794921875 0.8165108850457782 0.8782061767578125 0.6910653102746693 0.7008819580078125 0.6840962360122076 0.705281982421875 0.811008952187182
0 0.0429271240234375 0.8199344862665311 0.36055810546875 0.8292528992878941 0.40216650390625 0.13456622583926756 0.1273160400390625 0.1824419125127162 0.0429271240234375 0.8199344862665311
0 0.984313720703125 0.7227076297049848 0.9588404541015625 0.5489668362156663 0.404447509765625 0.5327509664292981 0.39981591796875 0.6532111902339776 0.8875150146484375 0.6678826042726348 0.8846202392578125 0.6698608341810783 0.8879781494140625 0.725024008138352 0.984313720703125 0.7227076297049848
2 0.6585123291015625 0.23996113936927774 0.617685302734375 0.5280773143438454 0.6662554931640625 0.5239696846388606 0.7010992431640625 0.22470457782299086 0.701451171875 0.2229440488301119 0.67399853515625 0.22001017293997963 0.6585123291015625 0.23996113936927774
0 0.7894405517578125 0.20416663275686675 0.7120098876953125 0.21414221770091557 0.7063785400390625 0.2587385554425229 0.709898193359375 0.2687141403865717 0.7514290771484375 0.27634242115971513 0.893971923828125 0.28338392675483215 0.8873726806640625 0.19299776195320448 0.7894405517578125 0.20416663275686675
0 0.75846826171875 0.39487487283825023 0.8549046630859375 0.39604842319430317 0.91332958984375 0.3978089521871821 0.903122802734375 0.2951198372329603 0.8119658203125 0.2921857578840285 0.7296077880859375 0.2874915564598169 0.7035628662109376 0.2816236012207528 0.691244384765625 0.38020508646998985 0.75846826171875 0.39487487283825023
0 0.7176412353515625 0.5239696846388606 0.7950718994140625 0.5274905391658189 0.9147374267578126 0.5315979654120041 0.9221285400390625 0.5298376398779248 0.921424560546875 0.5151678535096643 0.91332958984375 0.4165863682604273 0.9055865478515625 0.40778433367243133 0.7415743408203125 0.40191637843336725 0.7165853271484375 0.39604842319430317 0.6902764892578125 0.3902486266531027 0.67575830078125 0.5239696846388606 0.7176412353515625 0.5239696846388606
0 0.4171927490234375 0.3845837232960326 0.5314453125 0.39123397761953205 0.6283177490234375 0.39503418107833166 0.6474073486328125 0.27437761953204476 0.6439884033203125 0.26345208545269583 0.421181640625 0.2739025432349949 0.4171927490234375 0.3845837232960326
0 0.603244873046875 0.5223412004069176 0.6240440673828125 0.4230608341810783 0.6257535400390625 0.41261017293997965 0.6191655493164062 0.4077285680569685 0.42403076171875 0.3988343845371312 0.4231048583984375 0.4002089521871821 0.4177625732421875 0.5047652085452695 0.5160596923828125 0.5066653102746694 0.56962451171875 0.5114156663275687 0.603244873046875 0.5223412004069176
0 0.531003173828125 0.2549672431332655 0.6303275146484375 0.25223763987792475 0.6535213623046875 0.24131922685656157 0.657068603515625 0.21766246185147506 0.6445166015625 0.121671007121058 0.60167626953125 0.12758535096642928 0.46687890625 0.14623763987792474 0.4101221923828125 0.15670111902339776 0.41885400390625 0.25678697863682604 0.531003173828125 0.2549672431332655
0 0.898439208984375 0.17187466937945067 0.9017952880859375 0.17150152594099694 0.8827772216796875 0.08794262461851475 0.819905517578125 0.09726836215666328 0.6979656982421875 0.11405473041709054 0.6603768310546875 0.1222614445574771 0.670892822265625 0.20843173957273653 0.898439208984375 0.17187466937945067
2 0.0319993896484375 0.05303987792472024 0.006294189453125 0.0984089521871821 0.0072462158203125 0.10348504577822991 0.059227783203125 0.09618799593082401 0.0669256591796875 0.0026573753814852492 0.0319993896484375 0.05303987792472024
0 0 0.07702217700915565 0.042091064453125 0.011160732451678534 0.0274295654296875 0 0 0.0013255340793489317 0 0.07702217700915565
0 0.1363433837890625 0.04637721261444557 0.1237763671875 0.044473652085452696 0.1211107177734375 0.038445574771108854 0.121491455078125 0 0.07222015539550782 0.001958353611393693 0.0651304931640625 0.09587080366225839 0.1810894775390625 0.07810396744659207 0.180708740234375 0.04193550356052899 0.1363433837890625 0.04637721261444557
0 0.2980068359375 0.06291312309257376 0.2967745361328125 0.00014038657171922686 0.1950213623046875 0.001020345879959308 0.194317138671875 0.078753001017294 0.2980068359375 0.06291312309257376
2 0 0.1696026449643947 0.1027392578125 0.15877151576805695 0.1027392578125 0.11111393692777212 0 0.1275473041709054 0 0.1696026449643947
2 0.63057275390625 0.07753733468972533 0.624722412109375 0.040711291963377416 0.12185546875 0.11062217700915564 0.1209404296875 0.1533558494404883 0.63057275390625 0.07753733468972533
2 0.8900035400390625 0 0.6362777099609375 0.03707995930824008 0.64169189453125 0.08399064089521872 0.9362044677734375 0.033471617497456765 0.926458984375 0 0.8900035400390625 0
2 0.9998779296875 0.02745737538148525 0.99967578125 0.00039348931841302133 0.938810302734375 0 0.9448121337890625 0.029261648016276703 0.9998779296875 0.02745737538148525
0 0.7961522216796875 0.001221973550356053 0.360864013671875 0 0.36246337890625 0.05895829094608341 0.7961522216796875 0.001221973550356053
0 0.9998779296875 0.15332166836215666 0.9998779296875 0.0468706002034588 0.89982666015625 0.0655145473041709 0.9030751953125 0.06671739572736521 0.9128206787109375 0.14971312309257376 0.9998779296875 0.15332166836215666
0 0.9987493896484375 0.8919251271617498 0.9998779296875 0.15818107833163786 0.9993323974609375 0.15434832146490335 0.91563818359375 0.16087711088504578 0.9987493896484375 0.8919251271617498