2 0 0.096817497456765 0.13906494140625 0.07922115971515768 0.272193115234375 0.05922522889114954 0.2916226806640625 0.05562583926754832 0.299538330078125 0.047227466937945065 0.301697265625 0.03403011190233978 0.29905859375 0.024032146490335707 0.292822021484375 0.018433367243133263 0.28490625 0.016433774160732453 0.0004197998046875 0.058201017293997966 0 0.096817497456765
0 0.12580615234375 0 0.0001138916015625 0.000437029501525941 0.000413818359375 0.03650172939979654 0.124366943359375 0.019233163784333672 0.12580615234375 0
0 0.1980072021484375 0.01003499491353001 0.1982470703125 0 0.140438232421875 0.0005198372329603256 0.1401983642578125 0.015633977619532044 0.1980072021484375 0.01003499491353001
0 0.27555126953125 0.0007523906408952188 0.207488037109375 0.0010994913530010173 0.208147705078125 0.007150966429298067 0.27555126953125 0.0007523906408952188
0 0.0001199951171875 0.2260616480162767 0.124133056640625 0.2096649033570702 0.1274912109375 0.12208240081383519 0.0002998046875 0.13753143438453713 0.0001199951171875 0.2260616480162767
0 0 0.31688036622583926 0.094149169921875 0.3204427263479146 0.1066224365234375 0.22926103763987793 0 0.243688504577823 0 0.24369501525940995 0 0.31688036622583926
0 0 0.4388915564598169 0.05457177734375 0.4406498474059003 0.0830440673828125 0.444166022380468 0.0959620361328125 0.33823804679552394 0 0.33208443540183114 0 0.4388915564598169
0 0.0007908935546875 0.5760266531027467 0.0558900146484375 0.5782244150559511 0.059317138671875 0.5619615462868769 0.0669625244140625 0.5619615462868769 0.08040771484375 0.4599892166836216 0.0777713623046875 0.4542752797558494 0 0.4515977619532045 0.0007908935546875 0.5760266531027467
0 0 0.6612636826042726 0.0616898193359375 0.6656592065106817 0.0698624267578125 0.6133544252288912 0.0648533935546875 0.594893997965412 0.000263671875 0.5918170905391658 0 0.6612636826042726
0 0.046662841796875 0.9165682604272635 0.088316650390625 0.9161287894201424 0.1017618408203125 0.7952565615462869 0.063008056640625 0.7930587995930825 0.046662841796875 0.9165682604272635
0 0.0005272216796875 0.8036077314343846 0 0.8607473041709055 0.0324267578125 0.8598681586978638 0.0395447998046875 0.8097123092573754 0.0005272216796875 0.8036077314343846
0 0.1331341552734375 0.9556868769074263 0.1455247802734375 0.8326170905391659 0.1057164306640625 0.8326170905391659 0.092007568359375 0.9539287894201425 0.1331341552734375 0.9556868769074263
0 0.223296142578125 0.9583241098677517 0.237005126953125 0.7956960325534079 0.1613426513671875 0.7948170905391658 0.1471065673828125 0.9578846388606307 0.223296142578125 0.9583241098677517
0 0.093365478515625 0.5852878942014242 0.127833740234375 0.5858457782299084 0.14657373046875 0.42962583926754827 0.112942138671875 0.42595137334689726 0.093365478515625 0.5852878942014242
0 0.1372037353515625 0.5841397761953204 0.1735125732421875 0.5852555442522889 0.1897427978515625 0.42929888097660224 0.1518443603515625 0.4278797558494405 0.1372037353515625 0.5841397761953204
0 0.253324951171875 0.5872083418107833 0.266208740234375 0.4343361139369278 0.20162255859375 0.42903011190233975 0.183384521484375 0.5841397761953204 0.253324951171875 0.5872083418107833
0 0.2731807233886719 0.695122337131231 0.2578990478515625 0.9622170905391657 0.4063651123046875 0.972867955239064 0.4158199462890625 0.7044649033570702 0.2731807233886719 0.695122337131231
0 0.2775753173828125 0.6568364191251271 0.418375244140625 0.6696177009155646 0.4260413818359375 0.4412620549338759 0.29035205078125 0.43559898270600206 0.2775753173828125 0.6568364191251271
0 0.1233597412109375 0.33674262461851473 0.157345947265625 0.33674262461851473 0.1724224853515625 0.21020976602238048 0.1402249755859375 0.209334486266531 0.1233597412109375 0.33674262461851473
0 0.1716558837890625 0.32523967446592067 0.203086669921875 0.32481363173957273 0.21560791015625 0.20978392675483215 0.18519921875 0.20935768056968462 0.1716558837890625 0.32523967446592067
0 0.2145858154296875 0.3354646998982706 0.2764254150390625 0.33248240081383523 0.2866468505859375 0.2106358087487284 0.2245516357421875 0.209334486266531 0.2145858154296875 0.3354646998982706
0 0.11594921875 0.4027784333672431 0.26952587890625 0.4006482197355035 0.2756588134765625 0.3439853509664293 0.1229764404296875 0.3456256358087487 0.11594921875 0.4027784333672431
0 0.3007012939453125 0.4074646998982706 0.4284688720703125 0.4125772126144456 0.43357958984375 0.2148962360122075 0.3129669189453125 0.2106358087487284 0.3007012939453125 0.4074646998982706
0 0.141949951171875 0.1888345879959308 0.2911824951171875 0.18798270600203457 0.2985931396484375 0.08360366225839268 0.1539600830078125 0.09979308240081383 0.141949951171875 0.1888345879959308
0 0.31807763671875 0.18789969481180063 0.43741259765625 0.18917782299084435 0.4420123291015625 0.05966266531027467 0.31961083984375 0.07713021363173958 0.31807763671875 0.18789969481180063
0 0.4555556640625 0.1904559511698881 0.5426932373046875 0.19429033570701934 0.54141552734375 0.04645554425228891 0.4558111572265625 0.057071820956256354 0.4555556640625 0.1904559511698881
0 0.5521480712890625 0.19471637843336723 0.6341749267578125 0.195994506612411 0.629830810546875 0.03495259409969481 0.5522757568359375 0.04802136317395728 0.5521480712890625 0.19471637843336723
0 0.448783935546875 0.5089501525940997 0.5394990234375 0.5136364191251271 0.5405211181640625 0.2200972533062055 0.454214111328125 0.21732044760935912 0.448783935546875 0.5089501525940997
0 0.43218701171875 0.8787816887080367 0.536284912109375 0.8842992878942014 0.5392935791015625 0.5311692777212614 0.4426419677734375 0.5260268565615462 0.43218701171875 0.8787816887080367
0 0.42496630859375 0.9996124109867752 0.532674560546875 0.9991108850457783 0.5335771484375 0.9033043743641912 0.4298553466796875 0.9002382502543236 0.42496630859375 0.9996124109867752
0 0.551027099609375 0.33856887080366227 0.5522305908203125 0.6812052899287894 0.644594970703125 0.681707019328586 0.6358699951171874 0.33879226856561545 0.550951904296875 0.33735422177009156 0.551027099609375 0.33856887080366227
0 0.6438427734375 0.19564150559511698 0.7205623779296875 0.19764801627670397 0.7130408935546875 0.026600610376398777 0.705218505859375 0.018574974567650053 0.6405333251953125 0.03161668362156663 0.6438427734375 0.19564150559511698
0 0.5511776123046875 0.21929888097660225 0.554487060546875 0.31309888097660227 0.7250753173828125 0.31861668362156664 0.7205623779296875 0.21980040691759917 0.5524561767578124 0.22013896236012206 0.5511776123046875 0.21929888097660225
0 0.66008935546875 0.6808292980671413 0.745834716796875 0.6867387589013224 0.7271812744140626 0.3401296032553408 0.64910791015625 0.3404883011190234 0.66008935546875 0.6808292980671413
0 0.65647900390625 0.9986435401831129 0.6459488525390625 0.7057062054933876 0.5481689453125 0.7057062054933876 0.5484698486328125 0.999796541200407 0.65647900390625 0.9986435401831129
0 0.76328466796875 0.9976404883011191 0.7479407958984375 0.7122270600203459 0.658509765625 0.7090581892166836 0.6658056640625 0.9996467955239065 0.76328466796875 0.9976404883011191