0 0.245524169921875 0.0013808748728382503 0 0.0026828077314343846 0.00244140625 0.22453713123092572 0.252556884765625 0.15762522889114952 0.245524169921875 0.0013808748728382503
0 0.001719482421875 0.3607430315361139 0.2572454833984375 0.3047554425228891 0.2517755126953125 0.19278026449643948 0.001719482421875 0.25006978636826044 0.001719482421875 0.3607430315361139
0 0 0.6550034587995931 0.2791253662109375 0.5938077314343846 0.2588082275390625 0.3334002034587996 0 0.4035808748728382 0 0.6550034587995931
0 0 0.9683375381485249 0.3053560791015625 0.9097456765005085 0.2858204345703125 0.6154854526958291 0 0.6792852492370295 0 0.9683375381485249
0 0.30301171875 0.999796541200407 0.3053560791015625 0.9514109867751781 0.0404530029296875 0.9982842319430315 0.30301171875 0.999796541200407
0 0.78076953125 0.999796541200407 0.8299993896484374 0.9644313326551374 0.803430908203125 0.7782400813835199 0.338134765625 0.9468158697863683 0.3392645263671875 0.9995863682604272 0.78076953125 0.999796541200407
0 0.648708740234375 0.8225092573753815 0.8135894775390625 0.722252492370295 0.762796875 0.42148179043743644 0.4361611328125 0.5621019328585962 0.3767728271484375 0.5842364191251271 0.3025374755859375 0.607673041709054 0.338134765625 0.9122278738555444 0.5393092041015625 0.8615702950152595 0.648708740234375 0.8225092573753815
0 0.999800537109375 0.8730329603255341 0.9966746826171875 0.6373641912512716 0.82275390625 0.6823194303153611 0.8567998046875 0.9381346897253305 0.999800537109375 0.8730329603255341
0 0.9915845947265625 0.6185586978636826 0.94548046875 0.3763798575788403 0.774348388671875 0.4167430315361139 0.8204525146484375 0.6667340793489318 0.9915845947265625 0.6185586978636826
0 0.9998779296875 0.5912160732451679 0.9978359375 0.3607554425228891 0.9547007313232422 0.3756258097660224 0.9998779296875 0.5912160732451679
0 0.297003662109375 0.3128158697863683 0.321227783203125 0.5836396744659207 0.7564815673828125 0.38963621566632756 0.7088145751953125 0.18000813835198373 0.297003662109375 0.3128158697863683
0 0.9377720947265625 0.34536683621566633 0.8854166259765625 0.1292286876907426 0.72265625 0.17570701932858596 0.7713287353515625 0.39224028484231943 0.9377720947265625 0.34536683621566633
0 0.9993016357421876 0.33389196337741606 0.9998779296875 0.09041098677517803 0.897216796875 0.12484231943031536 0.9531976318359375 0.3469123092573754 0.9993016357421876 0.33389196337741606
0 0.438185791015625 0.10459816887080367 0.4336898193359375 0 0.266698486328125 0.0040012207527975584 0.2763326416015625 0.15596663275686673 0.438185791015625 0.10459816887080367
0 0.27579320434570315 0.1901810002034588 0.2866090087890625 0.2993707019328586 0.4625921630859375 0.2447916581892167 0.44396630859375 0.13884374364191251 0.27579320434570315 0.1901810002034588
0 0.7072987060546875 0.15810701932858595 0.68225 0.05429969481180061 0.4555113525390625 0.13271230925737537 0.471583984375 0.24372146490335708 0.7072987060546875 0.15810701932858595
0 0.572421142578125 0.07142258392675482 0.5544373779296875 0.0007906408952187183 0.4424681396484375 0.0006020345879959308 0.4548848876953125 0.11208931841302136 0.572421142578125 0.07142258392675482
0 0.6783963623046875 0.030755645981688704 0.6636241455078125 0 0.5647138671875 0.006141607324516785 0.580770751953125 0.07463296032553408 0.6783963623046875 0.030755645981688704
0 0.8850928955078124 0.10352797558494405 0.8549061279296875 0.0018608341810783318 0.808662353515625 0.0018608341810783318 0.69330029296875 0.05411515768056968 0.7174593505859375 0.1623877924720244 0.8850928955078124 0.10352797558494405
0 0.9998779296875 0.07275340793489318 0.998677734375 0 0.8676536865234376 0.0031916581892166835 0.8965560302734376 0.11449033570701933 0.9998779296875 0.07275340793489318