0 0.002458984375 0.19673957273652085 0.190778076171875 0.16121688708036622 0.1887476806640625 0.0022105798575788402 0.0023787841796875 0.0004756866734486267 0.002458984375 0.19673957273652085
0 0 0.3777363173957274 0.1917933349609375 0.30669074262461854 0.189762939453125 0.18066978636826042 0.0015859375 0.21986632756866736 0 0.3777363173957274
0 0 0.5325298067141404 0.1917933349609375 0.4606384537131231 0.1912857666015625 0.31601037639877927 0.00079296875 0.3890347914547304 0 0.5325298067141404
0 0 0.6458640895218718 0.1928084716796875 0.5748187182095625 0.1917933349609375 0.47332512716174974 0.00079296875 0.5436655137334689 0 0.6458640895218718
0 0 0.8497208545269582 0.19839208984375 0.8074319430315361 0.1917933349609375 0.5934498474059003 0 0.6678986775178027 0 0.8497208545269582
0 0.0014437255859375 0.999796541200407 0.2019453125 0.999796541200407 0.194331298828125 0.8201428280773143 0 0.8687863682604273 0.0014437255859375 0.999796541200407
0 0.2179246826171875 0.9968502543234995 0.3514232177734375 0.9782431332655136 0.3392408447265625 0.7938634791454731 0.2133023681640625 0.8198860630722278 0.2179246826171875 0.9968502543234995
0 0.5769749755859375 0.9359542217700916 0.5317987060546875 0.7355047812817904 0.35048193359375 0.7894887080366226 0.3602303466796875 0.9706311291963378 0.5769749755859375 0.9359542217700916
0 0.2196253662109375 0.7966944048830112 0.34246435546875 0.7738583926754833 0.3241907958984375 0.42455178026449647 0.209337646484375 0.467010986775178 0.2196253662109375 0.7966944048830112
0 0.54195068359375 0.7214201424211597 0.47697802734375 0.3678846388606307 0.330658203125 0.41811068158697867 0.355154296875 0.7823161749745676 0.54195068359375 0.7214201424211597
0 0.6231898193359375 0.4406215666327569 0.605931396484375 0.3247499491353001 0.4884544677734375 0.3678887080366226 0.5094876708984375 0.49052248219735506 0.6231898193359375 0.4406215666327569
0 0.6561837158203125 0.692663479145473 0.6262353515625 0.45753713123092576 0.5114498291015624 0.5066598168870804 0.5480650634765625 0.7231116988809766 0.6561837158203125 0.692663479145473
0 0.68406591796875 0.9038994913530011 0.6546251220703125 0.7026042726347915 0.551074951171875 0.732206510681587 0.5495521240234374 0.732206510681587 0.58406884765625 0.9309645981688708 0.68406591796875 0.9038994913530011
0 0.694642333984375 0.9005163784333672 0.9337215576171874 0.8497696846388607 0.8875299072265626 0.6340962360122075 0.662156005859375 0.7026042726347915 0.694642333984375 0.9005163784333672
0 0.632358986328125 0.45795855422177006 0.633222900390625 0.461557477110885 0.6626636962890625 0.6941464903357071 0.8854996337890625 0.619718006103764 0.840830810546875 0.38966632756866737 0.632358986328125 0.45795855422177006
0 0.8352471923828125 0.38150701932858594 0.8139281005859375 0.2647894201424212 0.6144417724609375 0.3316059003051882 0.6306849365234375 0.440711495422177 0.8352471923828125 0.38150701932858594
0 0.3259818115234375 0.40755991861648017 0.306185546875 0.14875178026449645 0.2029940185546875 0.1775741607324517 0.213294921875 0.45069460834181085 0.3259818115234375 0.40755991861648017
0 0.47673876953125 0.35343011190233975 0.42090283203125 0.1149204476093591 0.31559228515625 0.15246327568667345 0.334611083984375 0.4041768056968464 0.47673876953125 0.35343011190233975
0 0.607640625 0.31362482197355035 0.5731239013671875 0.07596093591047813 0.4384989013671875 0.1128142421159715 0.4837864990234375 0.34830172939979653 0.607640625 0.31362482197355035
0 0.8010357666015625 0.24934547304170904 0.7710875244140625 0.0793440488301119 0.75281396484375 0.015064903357070192 0.5780572509765625 0.07448708036622584 0.6142393798828125 0.31362482197355035 0.8010357666015625 0.24934547304170904
0 0.3079334716796875 0.12706795523906408 0.2962586669921875 0.0018927772126144458 0.2029940185546875 0 0.2074288330078125 0.16089908443540182 0.3079334716796875 0.12706795523906408
0 0.3086825780029297 0.007668767243133266 0.3170701904296875 0.12706795523906408 0.4165595703125 0.09069949135300102 0.4023468017578125 0 0.3086825780029297 0.007668767243133266
0 0.41788232421875 0 0.4348331298828125 0.08985371312309257 0.5378756103515625 0.055176805696846395 0.5211248779296875 0 0.41788232421875 0
0 0.6438751220703125 0.02219145473041709 0.639814453125 0 0.5344451904296875 0.0017973550356052898 0.54793896484375 0.055176805696846395 0.6438751220703125 0.02219145473041709
0 0.7453948974609375 0.0002012207527975585 0.64862939453125 0.0004756866734486267 0.65453466796875 0.0340323499491353 0.7453948974609375 0.0002012207527975585
0 0.963114990234375 0.10507772126144456 0.93113623046875 0.001046998982706002 0.773121826171875 0.0017973550356052898 0.80017578125 0.105923499491353 0.963114990234375 0.10507772126144456
0 0.9998779296875 0.11099816887080367 0.999154541015625 0.001046998982706002 0.938847412109375 0 0.9727593994140625 0.11353550356052901 0.9998779296875 0.11099816887080367
0 0.988494873046875 0.20403377416073246 0.963114990234375 0.12030172939979654 0.8024608154296875 0.11677924720244151 0.8357076416015625 0.25055157680569684 0.988494873046875 0.20403377416073246
0 0.9998779296875 0.11861017293997966 0.974530029296875 0.1207440488301119 0.999662109375 0.2209493387589013 0.9998779296875 0.11861017293997966
0 0.99927490234375 0.3362978636826043 0.9998779296875 0.25002848423194307 0.989123046875 0.21619735503560528 0.8341785888671875 0.26348016276703967 0.858670166015625 0.3752036622583927 0.99927490234375 0.3362978636826043
0 0.999746826171875 0.5737007121057985 0.999746826171875 0.3470321464903357 0.861679931640625 0.3901670396744659 0.911424560546875 0.6176813835198373 0.999746826171875 0.5737007121057985
0 0.9459412841796875 0.8227995930824008 0.9616768798828125 0.8507102746693794 0.999746826171875 0.8430980671414039 0.998731689453125 0.5902103763987793 0.9118873291015624 0.625606510681587 0.9459412841796875 0.8227995930824008
2 0.9998779296875 0.999796541200407 0.9982239990234375 0.8736730417090539 0.8180263671875 0.9184992878942014 0.81673388671875 0.9203300101729399 0.8317315673828125 0.999796541200407 0.9998779296875 0.999796541200407
0 0.7792646484375 0.9181831129196337 0.697541259765625 0.9376360122075279 0.705662841796875 0.9985320447609359 0.796015380859375 0.999796541200407 0.77806982421875 0.9203300101729399 0.7792646484375 0.9181831129196337
0 0.5909454345703125 0.9621637843336724 0.5950062255859375 0.9968404883011189 0.6955108642578125 0.999796541200407 0.685295166015625 0.9414760935910477 0.5909454345703125 0.9621637843336724
0 0.58176171875 0.999796541200407 0.578716064453125 0.956510478128179 0.3663408203125 0.9956628687690743 0.58176171875 0.999796541200407