0 0 0.4289293997965412 0.18608935546875 0.38679613428280774 0.1828345947265625 0.0006771108850457782 0 0 0 0.4289293997965412
0 0.4396767578125 0.07260264496439471 0.4295621337890625 0.0003743641912512716 0.2133070068359375 0 0.2113758544921875 0.12316256358087488 0.4396767578125 0.07260264496439471
0 0.4794127197265625 0.35790478128179043 0.4505137939453125 0.08825228891149542 0.2110498046875 0.13799674465920653 0.2113758544921875 0.40485330620549337 0.4794127197265625 0.35790478128179043
0 0.6383564453125 0.3097525940996948 0.600787841796875 0.05454567650050864 0.4616009521484375 0.089088504577823 0.4938621826171875 0.3482744659206511 0.6383564453125 0.3097525940996948
0 0.59789794921875 0.04371129196337742 0.589228515625 0 0.4514434814453125 0.002558290946083418 0.4584610595703125 0.07139898270600203 0.59789794921875 0.04371129196337742
0 0.52926318359375 0.8057208545269583 0.484469970703125 0.3723505595116989 0.2099212646484375 0.4239226856561546 0.21498828125 0.9321206510681587 0.52926318359375 0.8057208545269583
0 0 0.999796541200407 0.18247705078125 0.9405702950152595 0.183199462890625 0.42774852492370297 0.0025816650390625 0.47349318413021363 0.0047490234375 0.46988179043743644 0 0.4722893184130214 0 0.999796541200407
0 0.55238232421875 0.9983527975584945 0.528540771484375 0.8466732451678536 0.2110498046875 0.9713200406917598 0.2113758544921875 0.999796541200407 0.55238232421875 0.9983527975584945
0 0.7351676025390625 0.999796541200407 0.72794287109375 0.9502006103763988 0.692541748046875 0.9285322482197355 0.665810302734375 0.8851951169888098 0.6491934814453125 0.8081515768056968 0.5485037841796875 0.8415249237029502 0.564664306640625 0.999796541200407 0.7351676025390625 0.999796541200407
2 0.7272203369140625 0.9345511698880977 0.7553968505859375 0.9092712105798576 0.7712911376953125 0.8635265513733469 0.76189892578125 0.80453997965412 0.743837158203125 0.7732410986775178 0.6715220947265625 0.8151896236012208 0.6853170166015625 0.8948254323499492 0.7272203369140625 0.9345511698880977
0 0.778515869140625 0.9080673448626653 0.75828662109375 0.9610347914547304 0.76189892578125 0.9983527975584945 0.91867529296875 0.9911300101729401 0.879661865234375 0.7178659206510681 0.773096923828125 0.7644002034587996 0.7922427978515625 0.869545473041709 0.778515869140625 0.9080673448626653
0 0.6491934814453125 0.7407383519837233 0.6867620849609375 0.6504526958290946 0.639078857421875 0.3350555442522889 0.49433056640625 0.37689542217700917 0.543712646484375 0.7828714140386572 0.6491934814453125 0.7407383519837233
0 0.730832763671875 0.674528992878942 0.7633438720703125 0.6961973550356053 0.8760494384765625 0.6636946083418108 0.820419189453125 0.2917184130213632 0.6557216796875 0.326106002034588 0.7026563720703125 0.649249033570702 0.730832763671875 0.674528992878942
0 0.7879080810546875 0.003369074262461852 0.6049342041015625 0 0.615959716796875 0.026241302136317396 0.7879080810546875 0.003369074262461852
0 0.820419189453125 0.26579877924720247 0.78140576171875 0.01661078331637843 0.6150916748046875 0.047704374364191254 0.6513609619140625 0.30913591047812816 0.820419189453125 0.26579877924720247
0 0.861125244140625 0.25737212614445576 0.9998779296875 0.004572736520854527 0.808384765625 0 0.835838623046875 0.2549643947100712 0.861125244140625 0.25737212614445576
0 0.8802216796875 0.30800854526958293 0.8751644287109375 0.36458758901322486 0.8650499267578124 0.4247778229908443 0.8802216796875 0.5234899287894201 0.8968385009765625 0.6294250254323499 0.91273291015625 0.6655391658189217 0.9979844970703124 0.637851475076297 0.995432861328125 0.07780183112919634 0.888891357421875 0.26948667344862665 0.8802216796875 0.30800854526958293
0 0.9994949951171875 0.999796541200407 0.9987724609375 0.6816683621566633 0.9077412109375 0.7105597151576806 0.9532568359375 0.9994732451678535 0.9994949951171875 0.999796541200407