0 0 0.6758484231943032 0.0970533447265625 0.6524118006103764 0.0939276123046875 0.44929399796541203 0.0064080810546875 0.4610124109867752 0 0.6758484231943032
0 0 0.999796541200407 0.08767626953125 0.9948474059003052 0.0970533447265625 0.7070972533062054 0.001719482421875 0.7305340793489318 0 0.999796541200407
0 0.4440059814453125 0.999796541200407 0.43228466796875 0.8607377416073245 0.120849609375 0.9305391658189217 0.12049609375 0.999796541200407 0.4440059814453125 0.999796541200407
0 0.426814697265625 0.8255827060020346 0.39321337890625 0.4193471007121058 0.13427734375 0.43816887080366224 0.1251845703125 0.9128191251271618 0.426814697265625 0.8255827060020346
0 0.6221710205078125 0.7721991861648017 0.581536865234375 0.4011186164801628 0.41259765625 0.41375381485249235 0.446350341796875 0.8203745676500509 0.6221710205078125 0.7721991861648017
0 0.45428534375 0.8615192211597151 0.465885986328125 0.999796541200407 0.653427978515625 0.993545473041709 0.625296630859375 0.8086561546286877 0.45428534375 0.8615192211597151
0 0.9003582763671875 0.9909414038657172 0.860505615234375 0.7409503560528993 0.64697265625 0.7982909460834181 0.6706192626953125 0.999796541200407 0.9003582763671875 0.9909414038657172
0 0.85503564453125 0.7044931841302136 0.8167457275390625 0.3946083418107833 0.599365234375 0.3995116988809766 0.64405078125 0.7682931841302136 0.85503564453125 0.7044931841302136
0 0 0.43634404883011185 0.0964197998046875 0.4207194303153611 0.108922607421875 0.16291617497456765 0.004211669921875 0.17854059003051884 0 0.43634404883011185
0 0.3886727294921875 0.3829603255340793 0.3613228759765625 0.09130417090539165 0.135498046875 0.14722278738555444 0.1300211181640625 0.401189013224822 0.3886727294921875 0.3829603255340793
0 0.575433349609375 0.3686380467955239 0.5379249267578124 0.06265920651068159 0.3832027587890625 0.10041831129196338 0.4144598388671875 0.39077273652085454 0.575433349609375 0.3686380467955239
0 0.8114237060546875 0.3543155645981689 0.7559425048828124 0.02359816887080366 0.555897705078125 0.06005513733468972 0.591061767578125 0.36993997965412007 0.8114237060546875 0.3543155645981689
0 0 0.15215381485249238 0.1078297119140625 0.13913346897253306 0.1123046875 0 0 0.0011175991861648016 0 0.15215381485249238
0 0.3610113525390625 0.062313326551373345 0.3524156494140625 0 0.144556640625 0.0024197355035605293 0.1453380126953125 0.13132126144455747 0.3610113525390625 0.062313326551373345
0 0.377197265625 0 0.3797655029296875 0.07142767039674466 0.536050537109375 0.033668565615462866 0.522766357421875 0 0.377197265625 0
0 0.9998779296875 0.016742014242115973 0.9998779296875 0 0.791015625 0.004801627670396745 0.7991134033203126 0.05059491353001017 0.9998779296875 0.016742014242115973
0 0.99681396484375 0.34615747711088507 0.9998779296875 0.042782706002034585 0.797550537109375 0.08054181078331638 0.8374031982421875 0.35527182095625637 0.99681396484375 0.34615747711088507
0 0.9998779296875 0.6561448626653104 0.9941055908203125 0.3853212614445575 0.844072021484375 0.3957375381485249 0.8487606201171874 0.42308016276703964 0.85188623046875 0.42438229908443537 0.887831787109375 0.7017161749745676 0.9998779296875 0.6561448626653104
0 0.9995755615234375 0.9959766022380468 0.998794189453125 0.69780996948118 0.894083251953125 0.73296500508647 0.8935546875 0.7392878942014242 0.93002880859375 0.999796541200407 0.9995755615234375 0.9959766022380468