0 0.0 0.6723590157406016 0.0 1.0 0.4176996273646358 1.0 0.0 0.6723590157406016
0 0.8521978786954351 0.6600356170758354 0.5825925766275973 1.0 1.0 1.0 1.0 0.4737410628639685
0 0.6972714144430151 0.23242166587921329 0.51399986802556 0.08884754928862813 0.2503933838671142 0.42682208705751595 0.4241328550838714 0.564111580239234 0.6972714144430151 0.23242166587921329
0 0.20064473538896 0.3877595493579049 0.0 0.19205487074302144 0.0 0.23321412569057504 0.5028946712011807 0.0 0.15170157241369236 0.0 0.0 0.19205487074302144
0 0.8742813066973796 0.0030581935736925005 0.5544604420857999 0.04066161480790057 0.7292728314114952 0.18080062424052573 0.8742813066973796 0.0030581935736925005 0.8704715697554406 0.0 0.5872204217460518 0.0 0.8704715697554406 0.0
0 0.07778853323740358 0.0 0.0 0.0 0.0 0.09724092566821549 0.07778853323740358 0.0
0 0.6369355421671667 0.7793692406322265 0.450304253397904 0.6341139984643454 0.2904697754723827 0.8278056719791839 0.4774526855695194 0.9751436042218423 0.6369355421671667 0.7793692406322265
0 0.3987363977805733 0.6093394538104351 0.2968046290478006 0.534754363799991 0.1480726086843913 0.7235165805319504 0.2416374042995141 0.7967349586971142 0.3987363977805733 0.6093394538104351
0 0.9168337923525065 0.04159907000653912 0.48440814493213225 0.5955744321820037 0.6658275411091812 0.7372589266072946 1.0 0.31032933025992787 1.0 0.10612530732486136
0 1.0 0.017006125043239822 1.0 0.0 0.9789504677482855 0.0 1.0 0.017006125043239822
