0 0.9040590737526155 0.632707317981872 0.7968971549646336 0.9674820560590576 0.9079443852354047 1.0 1.0 1.0 1.0 0.6601397262240067
0 0.2600979379245889 0.46815131917940184 0.1722531622857195 0.7911130166687035 0.2600979379245889 0.46815131917940184 0.0 0.3968224545799263 0.0 0.743294820103176 0.0 0.3968224545799263
0 0.3683640664044413 0.05165747171455652 0.2766028766766084 0.38001196716870517 0.3683640664044413 0.05165747171455652 0.18217885789134072 0.0 0.0 0.0 0.0 0.30149146599662446 0.18217885789134072 0.0
0 0.5605046380425485 0.5465985870689228 0.32026989289412355 0.4780728548543913 0.23386434302866263 0.8046583011551188 0.46457260053699545 0.8709772796838702 0.5605046380425485 0.5465985870689228
0 0.6641147405514505 0.13840527855848697 0.43648771181140716 0.0693811615412181 0.34462605644365263 0.39433599704516625 0.5728009311296962 0.4621577431491965 0.6641147405514505 0.13840527855848697
0 0.4549710792832242 0.010235275622150574 0.6859006479611152 0.07459887413621763 0.7085631249189018 0.0 0.4577964258969477 0.0
0 0.8510288782673345 0.6179226956139732 0.6264418557314656 0.5553045640639499 0.525753581147527 0.8915823258613053 0.7523506460219589 0.9567419984147449 0.8510288782673345 0.6179226956139732
0 0.9672364084829281 0.22890977696693948 0.7243459222557702 0.15862132186743058 0.6345040303710927 0.4810427735895627 0.8717518159283884 0.5459539491256913 0.9672364084829281 0.22890977696693948
0 0.7372519431083381 0.09600893507053015 0.9749283641787185 0.16027011817188247 1.0 0.07253136092943493 1.0 0.0 0.7665843534572213 0.0
0 0.9165996489552439 0.5625773579774564 1.0 0.5867231319408445 1.0 0.29724712777865037
