0 0.15029699115144216 0.09911880889704303 0.18061453868675031 0.0 0.0 0.0 0.0 0.054738689057736406
0 0.022868060330314327 0.5488282912709183 0.022868060330314327 0.5488282912709183 0.0 0.5422978999836843 0.0 0.6301182318838663 0.0 0.5422978999836843
0 0.13443498410135737 0.14835993991032784 0.04505958640559325 0.4726325435925269 0.13443498410135737 0.14835993991032784 0.0 0.10766954263023007 0.0 0.45985916916027453 0.0 0.10766954263023007
0 0.6394052656295544 0.07469331558713939 0.2048664531068438 0.11493500671277786 0.5968711738278468 0.22770139666123868 0.6394052656295544 0.07469331558713939 0.37498852262625143 0.0 0.233820056481489 0.0 0.37498852262625143 0.0
0 0.0 0.9494540985639399 0.0 1.0 0.18217885789134072 1.0 0.0 0.9494540985639399
0 0.4780046230456922 0.6789372376660284 0.0900108399342545 0.5685505870357455 0.3872319594010767 0.986750626890903 0.4780046230456922 0.6789372376660284 0.0 0.8648853591718223 0.0 0.8797755794561416
0 0.5886010174547764 0.2790742996027418 0.1970860462916392 0.16968452266569395 0.09608050403198079 0.4916136618984771 0.492828554283861 0.6092253000537257 0.5886010174547764 0.2790742996027418
0 0.9565372446983946 0.16339504509131036 0.7066924246479452 0.08958364509397662 0.6624760196877787 0.24176047634531844 0.9139897350895194 0.30971810245385617 0.9565372446983946 0.16339504509131036
0 0.7807570457071781 0.7623567264874518 0.54158937095652 0.696446487798386 0.7807570457071781 0.7623567264874518 0.4577964258969477 1.0 0.7085631249189018 1.0
0 0.8978251150693847 0.37232485670264376 0.6501209368046408 0.3000028338472475 0.5572576905883079 0.6239000860517019 0.8004455458248622 0.6912283914278592 0.8978251150693847 0.37232485670264376
0 0.9985846138692325 0.1691494665688464 0.957726982702936 0.31964763050832606 1.0 0.33146572904038807 1.0 0.16952484588232603
0 0.8341401067155816 0.7788809084900242 0.7665843534572213 1.0 1.0 1.0 1.0 0.8254183703944598
0 0.9473398142474895 0.3824055405521832 0.85007471408214 0.6992854260750176 1.0 0.7405452345697026 1.0 0.39705982612381263
