0 0.07557572668114429 0.24047768781951362 0.0 0.18400469431148045 0.0 0.3336369752976779
0 0.10074575856829762 0.19585408895133402 0.22552657683644525 0.03296265397317709 0.22545887925900174 0.00284975130594456 0.22169144639965907 0.0 0.0 0.0 0.0 0.11855361292013364
0 0.3001650316113617 0.047248835451099556 0.29293197716068675 0.041243474905750165 0.148960185731806 0.23188103031022758 0.153802979063005 0.24512030873507992 0.7673970524368864 0.7315732686536403 0.9149974943520978 0.54935804803369 0.920984553099806 0.5360937746571647 0.3001650316113617 0.047248835451099556
0 0.7446010706602421 0.7617376496252909 0.12139115601188104 0.2801239901924112 0.11418996215260806 0.28857192490369854 0.5693227478661216 0.9440148911523866 0.5885875977678207 0.948790582046365 0.5970158362701644 0.9511799021792464 0.7410346721329886 0.7810180900800583 0.7446010706602421 0.7617376496252909 0.0 0.44035927593333996 0.0 0.5014245816627078
0 0.8637940850241659 0.789172876874838 0.8626342188728829 0.8084479040275346 1.0 0.9109960618491708 1.0 0.6176595492563612
0 0.776207518096878 0.36899090755102637 0.9401456567940554 0.49509688370119004 0.9534004750869878 0.5034987876591019 1.0 0.44581556779176884 1.0 0.0850128571103103
0 0.5555666579732046 0.17796785047925562 0.7315673801619473 0.3172964081035848 0.9764545003972763 0.0 0.6928369221756867 0.0
0 0.34097305091940106 0.0001805000959271087 0.5061136420432742 0.1262847501810602 0.6065387117058735 0.0 0.34111442522888175 0.0
0 0.41350261338639804 0.9486928221967067 0.37407887843838683 1.0 0.478237909864293 1.0
0 0.13926239944139293 0.7264061271654808 0.13926239944139293 0.7264061271654808 0.0 0.6132854109896633 0.0 0.9027829620376112 0.0 0.6132854109896633
