0 0.004934525636600856 0.7594624206343078 0.008736737992359002 0.38481646669714586 0.004934525636600856 0.7594624206343078 0.0 0.3761167937061322 0.0 0.7633653657758815
0 0.0049648221309858504 0.32459546923231847 0.011111916006227567 0.0 0.0 0.0 0.0 0.33084345290400274
0 0.5371176855411086 0.8893281424945675 0.45167499721120724 0.8847407072644679 0.6947677617409278 0.8985398578532312 0.5371176855411086 0.8893281424945675 0.4450564569217659 1.0 0.6897897345147456 1.0
0 0.40846937629934954 0.48010681033641744 0.3603401614386999 0.4802367579207732 0.3435825788731027 0.5128063635930253 0.3124580571934692 0.571916424203963 0.2585361264697397 0.6551806026282021 0.20819619157339814 0.7275936312808339 0.13502241108722307 0.8109090737221452 0.07619791451558251 0.8604568700928127 0.02816930151117521 0.8979295319956475 0.39293122369609795 0.9644043304785505 0.40846937629934954 0.48010681033641744 0.024988994627431434 1.0 0.39207376081072187 1.0
0 0.7678327740523642 0.46703391906118086 0.7664832600119466 0.5868240438704663 0.7416368683778122 0.5883794365969968 0.7439822404163725 0.46573162841987187 0.47456844381108554 0.4510175628007648 0.4599448585260065 0.8281014081079384 0.5972236608101794 0.8346014195697025 0.725092567785844 0.8334924382437582 0.7367352139403885 0.833390669975502 0.7586438198367714 0.8291596878275457 0.7630363354216084 0.7815078125954004 0.7689216039432641 0.7477808780022223 0.7708299510375506 0.6640297914550175 0.7831436582931625 0.6639965147069555 0.7792577788198882 0.7450163691963411 0.7712058694637618 0.8031544708534707 0.7738505742335614 0.8339200967782856 0.7975371488291259 0.8413238556525127 1.0 0.8522817443459739 1.0 0.47971327805958036
0 0.8060971270679942 0.2417231742177962 0.7933859932065631 0.4357005222032633 1.0 0.44513331641145854 1.0 0.25020352714532973
0 0.815117327505976 0.017641101107407266 0.8048451385667132 0.2236578678908644 1.0 0.23248790108579015 1.0 0.02489831591717208
0 0.5768430351516864 0.005033299842471163 0.46974169112230285 0.0005044799763730282 0.46515419154092347 0.08363553071346182 0.5722543625631579 0.0881643674493874 0.5768430351516864 0.005033299842471163
0 0.7886435339367351 0.016507513844060958 0.5936910039770201 0.006192933163115825 0.5846021390823247 0.20497858986950754 0.7771480065381644 0.21529973295490365 0.7886435339367351 0.016507513844060958
0 0.5351719287696882 0.19371866444040006 0.456930485840779 0.19337429646399842 0.45485872736349714 0.281219867321202 0.530665478512422 0.2822196555759717 0.5351719287696882 0.19371866444040006
0 0.7668984915337379 0.4297494192845926 0.7808199367369995 0.23817788438563076 0.5449412327082415 0.22195049852690737 0.5403726504399571 0.31230873130100706 0.4585462537268952 0.31012066481057105 0.45401602465334406 0.41493446682752333 0.7668984915337379 0.4297494192845926
0 0.2505831026637031 0.38295934041372864 0.04720432379275922 0.3714615515091135 0.03040182182239223 0.3871670969046252 0.028859159710276763 0.70759909752693 0.05172419504042454 0.7087413422859338 0.08293983454485064 0.6833612393246206 0.1405162096054328 0.6169514222320741 0.1968406223049109 0.5324762748019357 0.23754225192344622 0.4552711019556706 0.26146349349288395 0.4022038046985823 0.2505831026637031 0.38295934041372864
0 0.032655404568564764 0.33054407134199176 0.04713283588250362 0.34496069335039836 0.2661401653521654 0.35159690700717366 0.2805467095173768 0.3395120267163376 0.2925008090961306 0.3105690062940394 0.3020219702200853 0.27199563504950075 0.3151180405192892 0.22016208069116344 0.32574477477226427 0.14544712584401484 0.33399244358090435 0.08037612581218284 0.33988521956815276 0.03458408424728294 0.3407787024968173 0.0 0.037535807944430295 0.0
0 0.5398065008857987 0.10270771683843469 0.5108830960666015 0.10105706343934978 0.5092739446115201 0.17472571508416243 0.5551630497310479 0.17526724040123795 0.5578293784039119 0.10777322538075541 0.5398065008857987 0.10270771683843469
0 0.5001947100060664 0.10044758577132784 0.45917686239147876 0.09810674548954913 0.4573842522620017 0.17411280186486844 0.49883452246194765 0.1746028065418467 0.5001947100060664 0.10044758577132784
0 0.9427534394745876 0.9424406985051399 0.9752515519795777 0.945966460966347 0.763361802265474 0.9019687605942848 0.7537684704417588 0.9140400625553865 0.9710614884777042 1.0 1.0 1.0 1.0 0.9126498196706968 0.7516520449880127 1.0 0.9396057952591269 1.0
