0 0.9955927088688328 0.9728737082167757 0.676663967930052 0.9460276194651918 0.6646610941357469 0.9569014233672752 0.9955927088688328 0.9728737082167757 0.661937633099506 1.0 1.0 1.0 1.0 0.977936952699313
0 0.6333384362925764 0.9425308006074969 0.4961411309975914 0.9320591103298104 0.4793451283965574 0.950173031092084 0.6393996293553471 0.9593785922482116 0.6333384362925764 0.9425308006074969 0.47672432440368534 1.0 0.6361285213711967 1.0
0 0.45281886027346335 0.9297661508695678 0.10017338038904712 0.8933727876913532 0.45281886027346335 0.9297661508695678 0.0913833004752666 1.0 0.4487995284507183 1.0
0 0.06648018068190148 0.8922589490712421 0.0 0.886186661762812 0.0 1.0 0.058664890127254433 1.0
0 0.08175862192855997 0.31038996924444306 0.06518625365967824 0.8585335779777636 0.06975424301861893 0.707452870863568 0.08175862192855997 0.31038996924444306 0.0 0.30687433881410603 0.0 0.8528517405698771 0.0 0.30687433881410603
0 0.3237224238512589 0.35310404998628797 0.19978485542123972 0.3510294450179767 0.1841492565010474 0.3534800106903579 0.17454945084402898 0.3631427697918648 0.16856880410997607 0.37641000650987505 0.1480104722213005 0.7848289821988053 0.14685597092200617 0.8029013638018583 0.15531752679369337 0.8173342470660656 0.1661691609965603 0.8257373981438136 0.18181453860434685 0.8268998082089389 0.3851949280083765 0.8396025621654059 0.399623570948513 0.8359500822500812 0.40922989195662435 0.8286969838549888 0.420019884015962 0.8142116271224583 0.42238460679446205 0.79854566650175 0.4371816671201471 0.48530597794481706 0.4393522402848874 0.3973634171079443 0.43689603297008284 0.3793007558308602 0.4296420866744758 0.3660697862898852 0.4163829454421376 0.35767314494904917 0.3237224238512589 0.35310404998628797
0 0.9819980035941436 0.39349161309618236 0.5223123720495788 0.37425301696489255 0.512695732098429 0.37789193065975546 0.5055060911313355 0.38875275494986844 0.4924051086213724 0.8850891721363061 0.5044761455673566 0.8995116989687532 0.9907059888918057 0.9451806875942866 0.992836665920942 0.397075976026429 0.9819980035941436 0.39349161309618236 1.0 0.9370724999819583 1.0 0.405396548883091
0 0.9966187611003742 0.015203398330058947 0.4984741654027084 0.011727706660094175 0.49318511145150434 0.2815760432695872 0.5112789326258886 0.2983920185612698 0.9962673184654719 0.3308122350198341 0.9966187611003742 0.015203398330058947 0.6576631859899378 0.0 0.5093481282981718 0.0 1.0 0.3267866227314717 1.0 0.017579106632593617 0.6576631859899378 0.0
0 0.42388104204990257 0.01433784180586265 0.16157017754455738 0.011430979481760436 0.13997731030805102 0.035581092036057416 0.13221643933250476 0.2813433861783123 0.43666556845875026 0.2937737371167972 0.44438110698055905 0.031147333585263358 0.42388104204990257 0.01433784180586265
0 0.06169308244610029 0.00808634897106872 0.05279705235350536 0.27914877871634036 0.06482645730294742 0.2779112378820641 0.07804217325620758 0.2706478220335558 0.08642524567478185 0.2561695846800316 0.08874457707468196 0.22363901762859123 0.09422896758415161 0.026067391590751186 0.08336766078754666 0.014051280013430777 0.06169308244610029 0.00808634897106872 0.0 0.007977189546002085 0.0 0.2758290363254751 0.0 0.007977189546002085
