0 0.011284236569998883 0.9909006637193198 0.0 0.977936952699313 0.0 1.0 0.011111916006227567 1.0
0 0.008712200138431193 0.9294718900433749 0.004914229627633414 0.4139081381618043 7.88978643738454e-05 0.4054881927186913 0.0 0.405396548883091 0.0 0.9370724999819583
0 0.013063798506407709 0.31269761264736196 0.01711239992931356 0.02960253111899862 0.0 0.017579106632593617 0.0 0.3267866227314717
0 0.4804236159492784 0.05485292248618174 0.47121385063174426 0.2090685375242128 0.48444965727100403 0.20903277299111797 0.476352493341821 0.32951584863104644 0.4643881620847461 0.3548453218306437 0.45962826936971385 0.37413202233204584 0.4620768644685247 0.3897856330853094 0.46693174761600126 0.4054321257900274 0.4777899569672959 0.41624486359848956 0.5572616530644303 0.4377130390300525 1.0 0.5545583534452273 1.0 0.07593464545949702
0 0.35036179096105124 0.013042424543446547 0.36794299479564296 0.0 0.11820850448530583 0.0
0 0.48153561923182586 0.02112038660132725 1.0 0.045618597775346686 1.0 0.0 0.4820486380998986 0.0
0 0.8017127350813882 0.9550364136045909 0.8140687257864073 0.6297573041605538 0.8405430659645625 0.6308902566485576 0.8371746361284587 0.7200407571151817 0.848003582489023 0.7200114759384554 0.8480654634587149 0.7428987717508972 0.46345573612739915 0.4548306551309475 0.4527278052716618 0.9379101525642624 0.4672026157492882 0.9511222038982391 0.7921129708986212 0.9646992885081602 0.8017127350813882 0.9550364136045909 1.0 0.749197941919457 1.0 0.6034908923864912
0 0.8336753073362638 0.7610069909272653 0.8257932436548606 0.9609946204044162 0.8378520254553321 0.9705989416337111 0.9858780290469403 0.9810401216071516 1.0 0.9686014496652605 1.0 0.7672619525228807
0 0.34097453612966766 0.9924198586814346 0.03774235936882639 0.9860105110981842 0.34097453612966766 0.9924198586814346 0.037535807944430295 1.0 0.3407787024968173 1.0
0 0.3516332660931251 0.038336750803625474 0.04597074077733486 0.022296792968769005 0.04242820345554003 0.9390178323253202 0.34566415436278625 0.9466316809935131 0.35524767925324996 0.9309461954964606 0.3649504024127873 0.06841545384001958 0.3516332660931251 0.038336750803625474
