0 0.12100180673252933 0.8451863868721046 0.12810732941946898 0.8030052894102867 0.0 0.8042009953384662 0.0 1.0 0.10245585220545828 1.0
0 0.05555741482113797 0.5564665596697532 0.03932894570751402 0.7560713751476726 0.05555741482113797 0.5564665596697532 0.0 0.5543307866820264 0.0 0.7561198854226724 0.0 0.5543307866820264
0 0.2802221311348487 0.9917184579160851 0.14664623887130196 0.9848521201471567 0.2802221311348487 0.9917184579160851 0.14473880247809698 1.0 0.2819256795322565 1.0
0 0.23518628162627989 0.8003075293144722 0.17501827792009733 0.7980597892239709 0.15614502013253934 0.9378470229044733 0.16218407348986985 0.946262472814108 0.2632637417615539 0.9496029896439186 0.2680534904396721 0.9411582819133812 0.23518628162627989 0.8003075293144722
0 0.6169906805580772 0.9426234389619645 0.6441530934172843 0.7534257235165711 0.6220458896647018 0.5872487333673354 0.6280100253767232 0.5679587516271275 0.6435861635270661 0.5438239967585368 0.8515097300157066 0.457734190185179 0.846083659352019 0.2312807810614687 0.22285043414551256 0.24260405074889257 0.232827638898466 0.37267458270849674 0.25688817275236864 0.3714050165908553 0.2681954867174989 0.5484532529560902 0.29139535117605225 0.6736698995443031 0.33405430436825917 0.8759299365124895 0.350898769655643 0.8758844099933709 0.3780551742778641 1.0 0.6245432698429859 1.0
0 0.9074474782212376 0.23111466069003597 0.9115166426099447 0.40095411280719295 1.0 0.40071453219529407 1.0 0.23086404590131906
0 0.8976261846350092 0.1588639822778511 1.0 0.15979736380295612 1.0 0.0 0.8946424778932577 0.0
0 0.6124601291537569 0.1572266784212104 0.6233175971265476 0.16803876718318306 0.8350820929596622 0.16746568718129945 0.8506848499079493 0.15296836801552216 0.8459358388032981 0.0 0.6089819237307137 0.0
0 0.22384195715149582 0.16430085431436933 0.23349036961209055 0.17270654198851929 0.2972565012592108 0.1713296399359131 0.3020435735568759 0.16167977786415755 0.29686626125185206 0.0 0.21775134605058227 0.0
0 0.3381789024570904 0.17603777859424855 0.5679739496919521 0.169393643987005 0.5641451168316479 0.0 0.3342276743661346 0.0
