0 0.16408738068867124 0.4367114287715644 0.043757207095023884 0.43098829206159706 0.05397082543950586 0.6670592288470004 0.1851145103948569 0.6667323396021463 0.16408738068867124 0.4367114287715644
0 0.3299258891422934 0.8398296438254859 0.32238537456111027 0.710958838842982 0.2526535853133467 0.7173272742466735 0.26115017986859734 0.84647630584048 0.3299258891422934 0.8398296438254859
0 0.41261763272668267 0.22649584341045975 0.25726072968729413 0.16665493490394778 0.2609390521137249 0.19435099853979554 0.2733038841401633 0.3280271341833284 0.4260925176203821 0.3228280147367779 0.41261763272668267 0.22649584341045975
0 0.4950930355599426 0.49129567684582043 0.46602795848081924 0.4154806775763397 0.3324873128198569 0.41942731795121907 0.3399371187968921 0.5121610310815564 0.35354174899033225 0.6602892537048717 0.5087368993292426 0.6550841033417855 0.5025014787216335 0.5671653329633793 0.4950930355599426 0.49129567684582043
0 0.8690880642049047 0.4156788929659794 0.7185346136420574 0.3522123044322265 0.820804965312623 0.8349905519831373 0.8905705961878121 0.827588727193646 0.8854905185752671 0.7203944996328601 0.88301516078151 0.6926954271806544 0.8997987359826247 0.6685623536821769 0.8992270560718293 0.43969475591164603 0.8690880642049047 0.4156788929659794
0 0.01619864265843345 0.4768308588007796 0.024875950702403365 0.579197453310527 0.01619864265843345 0.4768308588007796 0.0 0.4641539996760289 0.0 0.5816898482345588 0.0 0.4641539996760289
0 0.009957505126940321 0.3865031402920649 0.009957505126940321 0.3865031402920649 0.0 0.29747475396830864 0.0 0.3864644566135926 0.0 0.29747475396830864
0 0.172461491996271 0.41741739781562553 0.1673602665530647 0.3017918166195047 0.22873650797390627 0.3076606305155542 0.18599800385208412 0.0560117113799621 0.10887917807065779 0.009226236579649353 0.054543491319865016 0.414097247836009 0.172461491996271 0.41741739781562553 0.09498121060911152 0.0 0.012706198069406502 0.0
0 0.24062807785338244 0.848459722656022 0.2252444585564294 0.7198305080400325 0.17322722811052313 0.7245814306387625 0.1891897928771131 0.8534306098537381 0.24062807785338244 0.848459722656022
0 0.7445463462620431 0.16905227763240036 1.0 0.33449726059499935 1.0 0.0 0.6856241808175378 0.0
