0 0.02906760929883839 0.3276197765476061 0.015195178797126363 0.0 0.0 0.0 0.0 0.3290212388445859
0 0.8877850242531006 0.634882886324642 0.8946424778932577 1.0 1.0 1.0 1.0 0.6360425382613318
0 0.8252020256800474 0.6290290314232551 0.6097415505670167 0.597087841271441 0.6001224765436356 0.5995229480181119 0.8348667579193286 0.643458564150558 0.8252020256800474 0.6290290314232551 0.6089819237307137 1.0 0.8459358388032981 1.0
0 0.829607021047151 0.033936629032122 0.6082518165913197 0.04658256426640739 0.5938653350593849 0.06589535563461232 0.5999366912973398 0.530860434640547 0.6120011171822137 0.5428737894822581 0.8599124034022055 0.5614765510697192 0.9946935534879736 0.5695445346194722 1.0 0.5699508482384307 1.0 0.0 0.8276317746681545 0.0
0 0.27881000085739 0.578709769767975 0.26556791863842477 0.5763358808914012 0.25475549187643076 0.5823878052267181 0.2091575327391467 0.6282866092247322 0.20437435023403575 0.6391409984188641 0.2836452826049373 0.5871284626341962 0.27881000085739 0.578709769767975 0.21775134605058227 1.0 0.29686626125185206 1.0
0 0.5543062482834893 0.5647128362830302 0.5494611720257384 0.5526799439152028 0.32449850785212986 0.5665396121669419 0.5543062482834893 0.5647128362830302 0.3342276743661346 1.0 0.5641451168316479 1.0
0 0.2285534537565006 0.23673401435431732 0.2270051034605336 0.1090491432731357 0.18730301832035165 0.11036103274230204 0.18990465248282426 0.18263121637460034 0.19115397753017044 0.19949198810541988 0.19478551255235932 0.20791455260223562 0.2285534537565006 0.23673401435431732
0 0.2204410085012362 0.3511944684556436 0.19878239376669465 0.3512530258926277 0.2040096609861534 0.5042250922446325 0.22566706619018745 0.5041665412208853 0.2204410085012362 0.3511944684556436
0 0.5444887954764959 0.04916421607538465 0.5179668276931464 0.02996213931621525 0.30622746236149556 0.03896736480628917 0.32193917985304504 0.5099301545196175 0.5481211734716448 0.5020904851979529 0.5444887954764959 0.04916421607538465
0 0.3049520583143034 0.012469122656044352 0.5335362580270764 0.0034189235676598518 0.535799488466971 0.0 0.3045905510752565 0.0
0 0.18341033158261608 0.005569961348131287 0.190645932211137 0.011573704136213885 0.26042450035356796 0.008975935104064145 0.2664296946841897 0.005345463141532805 0.2662722473835119 0.0 0.1832931914065046 0.0
