0 0.32642679093775284 0.8485572526877869 0.0 0.8708736689040789 0.0 1.0 0.3437552371627898 1.0
0 0.5450312090840518 0.6998511314645702 0.3558107170693817 0.7606541419154825 0.3639252977149133 0.9291705907460883 0.0 0.4278067528001091 0.0 0.7714835631414628 0.36492413551198555 1.0 0.5689292917370998 1.0
0 0.9558123488220205 0.9024003623548297 0.5836129232207853 0.7322782611226275 0.6070663598239031 0.970725145103521 0.7790839332043571 0.9570466794412726 0.7832893850226702 1.0 0.9667285176116864 1.0
0 0.06520182825886493 0.3083548299777336 0.06600980321440823 0.0 0.0 0.0 0.0 0.2767442572711266
0 0.12063349767559511 0.34314974606279597 0.30374827092803536 0.43785535529995046 0.2778015957555331 0.16448191443035978 0.2626455011958862 0.0 0.11479431604457589 0.0
0 0.5674890904552655 0.05534944062177487 0.9428727016012332 0.05561849781143919 0.9461786629308195 0.0 0.5668025200658685 0.0
0 0.9564269936555596 0.6663030551370894 0.9453515251570792 0.08452266128353127 0.5663730243228113 0.09028502355417123 0.5735972202905483 0.5757090778438296 0.9470840128268192 0.7795556350414888 0.9564269936555596 0.6663030551370894
0 0.9852327764879804 0.4185536833721918 0.9927838020760498 0.8015555828265145 1.0 0.8045751291327369 1.0 0.4175864293955865
0 0.2842964545562438 0.03610295897373041 0.2879601986005031 0.09464778970700259 0.2885188974597281 0.1198864994621332 0.320398097084326 0.2891585202463119 0.32060744990247014 0.4438364874781269 0.5230162682562157 0.5435609916896275 0.5356775978694547 0.33044684797987095 0.528731928244147 0.06817425873541412 0.5274203020425057 0.0 0.2804492644392876 0.0
0 0.9866417698831321 0.37710826961588506 1.0 0.3750628636475347 1.0 0.0 0.9921727033630025 0.0
