0 0.9658079194861175 0.12081400632583361 1.0 0.28826309300272096 1.0 0.11246901926364723
0 0.9584086803848182 0.04855782624062668 1.0 0.04156096369609195 1.0 0.0 0.947528644753596 0.0
0 0.9235872479194959 0.07634991823531569 0.754029045142684 0.11050043589092197 0.9235872479194959 0.07634991823531569 0.9092179594585128 0.0 0.7289626178754274 0.0 0.9092179594585128 0.0
0 0.9345319395862354 0.12330100884018735 0.9236683611193708 0.10887293112770542 0.7673353716604697 0.13937698747776006 0.6146127532378717 0.16987248707298752 0.5968147576213848 0.2698966690185112 0.57052504969061 0.34223616063738943 0.586196685938398 0.3542420589010358 0.9710203612565682 0.28100871307242564 0.9345319395862354 0.12330100884018735
0 0.09183598609332273 0.4072699115490586 0.11513261958761181 0.0 0.0 0.0 0.0 0.41207529707080803
0 0.15925661301419605 0.4251707833333566 0.16532886623285525 0.4480422895174205 0.5119320852984757 0.48693071109828806 0.5510834169823157 0.26519140224306037 0.577059743080119 0.067577245478496 0.5768913547998447 0.0 0.1885943603293107 0.0
0 0.9566785443701926 0.3195907922553955 0.5791157564832192 0.4096701482168927 0.5637027985619466 0.5012562942148491 0.7755842503595173 0.5525246435163975 1.0 0.5044554822098801 1.0 0.4714607948254096
0 0.8483592481066153 0.5713351393066238 0.8536498685487598 0.5768985195095162 1.0 0.648281166739627 1.0 0.5443769700720583
0 0.06199438173879493 0.5025053351782688 0.06643595317786781 0.8373645140558446 0.06199438173879493 0.5025053351782688 0.0 0.5015153786339952 0.0 1.0 0.06600980321440823 1.0 0.0 0.5015153786339952
0 0.19972745504419429 0.7334402446323234 0.15264908481514344 0.6709193963781732 0.10936036413765951 0.6806642891501501 0.26049044735250015 0.9766122215391497 0.23736958952089413 0.8718720042138103 0.19972745504419429 0.7334402446323234 0.11479431604457589 1.0 0.2626455011958862 1.0
0 0.7673093122219058 0.6115692108831412 0.5614677132872752 0.5699223623654486 0.9521104288201584 0.9002057570454768 0.9299074228195111 0.6810288623465062 0.7673093122219058 0.6115692108831412 0.5668025200658685 1.0 0.9461786629308195 1.0
0 0.5243426484816478 0.8400331207615088 0.5100487442750845 0.5741560895658613 0.4814149671036392 0.5539761155385101 0.17836141121998308 0.5221512980818049 0.16123041282173062 0.5296786907761186 0.1597822092260321 0.6547134466237202 0.18164940690444556 0.6547299565511137 0.22517255516575335 0.7389411526939682 0.24547464287745904 0.7358044563293569 0.2663133019048386 0.8995051823404698 0.27529133885771323 0.9515967836282241 0.5243426484816478 0.8400331207615088 0.2804492644392876 1.0 0.5274203020425057 1.0
0 0.9931078307021622 0.9362414583243481 0.9921727033630025 1.0 1.0 1.0 1.0 0.9351836026579559
