0 0.8334851788681806 0.03948571064825222 0.847564754577394 0.0 0.7160119849571378 0.0
0 0.967040250659392 0.04520764666935931 0.9550129262342918 0.0464386391625841 0.9478024452595616 0.050068884915630954 0.9418085668106978 0.0597186275681336 0.846078659719971 0.28879420827761887 0.8485016011720676 0.2960160483585206 1.0 0.19614985015274952 1.0 0.05901423181082444
0 0.14985037067491636 0.1816671270360807 0.06451116342696346 0.4844846867406761 0.14985037067491636 0.1816671270360807 0.20427271386589882 0.0 0.0 0.0 0.0 0.46623752068040625 0.20427271386589882 0.0
0 0.21772498049494132 0.13723641860638594 0.12590470148360794 0.5000054906662886 0.34981872012209086 0.562136667184208 0.5048548453527746 0.0 0.2628429317643591 0.0
0 0.8143228845836384 0.07807379171708796 0.5711294721837401 0.002737956518634696 0.4135987333283768 0.5692202294992467 0.4280794985497591 0.5884593769612275 0.6315257792976241 0.6434089911662716 0.8143228845836384 0.07807379171708796
0 0.8439254877081745 0.4008201997635721 0.779455569854243 0.6213939767335932 0.9335436219046339 0.6619999423259786 1.0 0.6769638695162761 1.0 0.4380328102828853
0 0.04064234442922644 0.5700603800529334 0.03217790249892386 0.550806424416497 0.0 0.5421213974188436 0.0 0.7143493097858169
0 0.6124448237377594 0.718132756366553 0.3909330920858574 0.6547920629991434 0.3408351931506178 0.8464245268918974 0.34136228369667965 0.8471596991911362 0.5539444836223614 0.9182160340878107 0.6124448237377594 0.718132756366553 0.29619555951033133 1.0 0.526679251855714 1.0
0 0.3319304116927617 0.632039279768992 0.10080516601389869 0.5735388763135563 0.01849708743716123 0.8868996881974949 0.3319304116927617 0.632039279768992 0.1783923323644242 1.0 0.22122482555205902 1.0
0 0.758029072881919 0.7226221669437141 0.7014302352362526 0.9327099456108104 0.9201324579098374 1.0 1.0 1.0 1.0 0.7943524999148809
0 0.6948157347910494 0.9572628030518422 0.6833019086221828 1.0 0.8275696122676702 1.0
