0 0.12653704124987378 0.3640251942243528 0.11728976841696288 0.03279138191192674 0.070960915839239 0.1454637029908625 0.07026792607512633 0.33800252700930494 0.044471240677413586 0.33865325901399007 0.04638596280270223 0.16548259809565616 0.1228575951895106 0.8193620718347016 0.12946489421019045 0.5736128170270806 0.12670496545333057 0.4314807592493327 0.12653704124987378 0.3640251942243528 0.0 0.030429515401526875 0.0 0.14461968213704207 0.0 0.1657238857511536 0.0 0.8163877848224631
0 0.5729637069253121 0.8724463845215358 0.5528797196726251 0.5376265931535148 0.5396215009134694 0.5280224458299013 0.20877297316999277 0.5336645950822428 0.19508781039938577 0.8360464193572824 0.20715496297016403 0.8504709229428324 0.47549562168581894 0.866666775320967 0.4752195349563863 0.7558465740325622 0.5149198138784192 0.75454316028483 0.5224298875900844 0.8713678140686799 0.5729637069253121 0.8724463845215358
0 0.5355860670749503 0.35698317112050626 0.518700082361782 0.3401610988672064 0.4681898442518671 0.3487190541547221 0.34791268345942183 0.3634738926291943 0.18073503358993828 0.3867774916180259 0.1894599180637902 0.5084170729990767 0.540749507523168 0.4979054199606426 0.5527446286936935 0.4834203559813132 0.549015389514105 0.43524678294669655 0.5476916383097881 0.38706721441906355 0.5355860670749503 0.35698317112050626
0 0.9476516847744142 0.11263212905287273 0.8332559696531289 0.07316674958179924 0.70687604666629 0.05300371405632386 0.41807768849150256 0.03445051422348666 0.14132259550872375 0.020685365889307434 0.16022794231182558 0.365145807810831 0.3791362428943828 0.3405088649652753 0.4681208105961736 0.32101461900964 0.488543899168167 0.30891754524287085 0.5667471700970748 0.3087226332938994 0.5744344523290041 0.49661635338269167 1.0 0.46093777256760404 1.0 0.43669129813471097
0 0.8967426039403489 0.9258451315001661 0.8115528541893092 0.5369816778819616 0.7165234760956385 0.5444450068609541 0.7128566380978718 0.521567514871054 0.594971653080807 0.5302940972325254 0.6283896577329944 0.9048320719984927 0.6381858441404511 0.9734681673101543 0.7235724052642772 0.9588001566109963 0.8101613999349891 0.9441297120624393 0.8967426039403489 0.9258451315001661
0 0.930561008765947 0.4957282842244842 0.9318181547589722 0.5174079099400526 0.8416070084476402 0.527269525100158 0.947528644753596 1.0 1.0 1.0 1.0 0.48468807585589274
0 0.8979817123309783 0.9402972143120145 0.7272656545392828 0.9925192694457968 0.7289626178754274 1.0 0.9092179594585128 1.0
0 0.8318984374008797 0.01173657154145408 0.9233550077009628 0.018735967449772104 0.9194100196797911 0.0 0.8166750178421915 0.0
0 0.7344549095584065 0.01559374043225541 0.7358992924571628 0.0 0.37349639293561876 0.0
0 0.10735516646234239 0.8748110787912854 0.12181343274281499 0.8832065507091182 0.10735516646234239 0.8748110787912854 0.0 0.8693755205328567 0.0 1.0 0.11513261958761181 1.0 0.0 0.8693755205328567
0 0.5766755484574076 0.9133930331711948 0.19641680598792102 0.8866349446424558 0.5766755484574076 0.9133930331711948 0.1885943603293107 1.0 0.5768913547998447 1.0
