0 0.1987957987214028 0.36210428904433023 0.1066542566624533 0.5803330290618948 0.12708726131615733 0.5718543065310315 0.20845860428840712 0.3789452974552803 0.1987957987214028 0.36210428904433023 0.0 0.27289666524236195 0.0 0.5333414875316 0.0 0.27289666524236195
0 0.7009770333202013 0.5813930721306072 0.28308458665061104 0.39443570403053035 0.26625785588755757 0.40170058739811254 0.1514051392723952 0.685024924133374 0.5897496882362481 0.8719375597395872 0.7082415158624717 0.6018534775091485 0.7009770333202013 0.5813930721306072
0 0.08635233922309749 0.6466275471405245 0.09121347542014681 0.6682978695462123 0.08635233922309749 0.6466275471405245 0.0 0.6061812546004023 0.0 0.8584148066281024 0.0 0.6061812546004023
0 0.5128656865516503 0.9214970689670954 0.12149229932482909 0.7573647277349205 0.04368525111594699 0.9309931071708125 0.5092977075103484 0.9395731679712299 0.5128656865516503 0.9214970689670954 0.16785807891864427 1.0 0.42561541228040256 1.0
0 0.0 0.988185605179825 0.0 1.0 0.020690206287592106 1.0 0.0 0.988185605179825
0 0.9876219439205898 0.7192628576695532 0.7816805069896305 0.6245724460378785 0.7552653801533014 0.6475188892635247 0.6247983099997002 0.9417198499165218 0.6043974702289895 0.9646525957257962 0.9876219439205898 0.7192628576695532 0.5441052063596269 1.0 0.8680435743432796 1.0
0 0.043266770951190865 0.2155047869109247 0.13179848208376221 0.0 0.0 0.0 0.0 0.19595509895882762
0 0.13530918054588134 0.19862183904874864 0.12932912713628458 0.2142944955461532 0.12815072357044122 0.22513784156206817 0.13420180889693495 0.24078259327564833 0.15106615647583985 0.25038056488067556 0.28674067330687175 0.307414618518415 0.31911020768486176 0.3210218295426643 0.40756600811110016 0.35820654267845464 0.42803998395627735 0.3677962940936655 0.44368011802568585 0.3677607906946894 0.45449125950276004 0.3605089247428747 0.4616879555820201 0.35085697792226694 0.5406527399497699 0.1579531549724013 0.6057961950456712 0.0 0.22135256316823126 0.0
0 0.5189685891369453 0.43003569141668496 0.7188802773325003 0.5187166106114743 0.7345204322117972 0.5186810788154751 0.7441313174177319 0.5126363696003725 0.7549150927085468 0.4933394116825989 0.9610679605672914 0.0 0.7102736463114941 0.0
0 0.8031337283028612 0.5353887364999929 0.8031638352052799 0.5486382518020901 0.8080010622086795 0.559467940648073 1.0 0.640240438116347 1.0 0.08796892158973184
