0 0.24561898348296163 0.0057237901013553 0.2484942606977262 0.0 0.2348381235533836 0.0
0 0.3175540359427873 0.051999794637011036 0.49545772187860215 0.150028777528184 0.4990095531961746 0.05273372912954447 0.5042259324849104 0.0 0.3380925608850814 0.0
0 0.5238114239667511 0.1291552645221081 0.5286265202518103 0.1601720563891067 0.7370195196196474 0.2741263872598265 0.7545907048237412 0.0 0.5369000543153937 0.0
0 0.7984752709064462 0.28752599063100187 1.0 0.3980596511845232 1.0 0.0 0.8210285713711836 0.0
0 0.46386715537646633 0.22083746088348039 0.30124904308378403 0.1320724347889103 0.13242394066824775 0.4865904603680251 0.2986463817334495 0.5729367305285189 0.46386715537646633 0.22083746088348039
0 0.7168395175134784 0.3635975211964962 0.5012064491176841 0.24002405292886694 0.3311642638948675 0.5885216360147428 0.5359376201358038 0.6976661463661149 0.7168395175134784 0.3635975211964962
0 0.18802287754032554 0.07210450793621398 0.0523175738784686 0.0 0.0 0.0 0.0 0.46692014610245003
0 0.9697622182670252 0.4846777741758726 0.7806487778729022 0.3839292415980021 0.7530006731424225 0.39362868962223024 0.5949377392306705 0.7192134024867272 0.6010001207639493 0.7396765028695745 0.7925231849045853 0.8416236440253543 0.9697622182670252 0.4846777741758726
0 0.26989906977427514 0.6284108999287434 0.11089731564745661 0.5432519556330231 0.09746963252378757 0.9853458898828913 0.26989906977427514 0.6284108999287434 0.0 0.7612527609988138 0.0 0.9278166973198709
0 0.8611783119369669 0.87639835411053 1.0 0.9528549205365072 1.0 0.5968223401852749
0 0.5168280972694121 0.7591406302271365 0.30965266936736574 0.6512066357661936 0.5168280972694121 0.7591406302271365 0.13469103808472105 1.0 0.39922384315284193 1.0
0 0.6348785382492153 0.8239158151628222 0.5698468732613154 0.7951562380967299 0.778228488605453 0.9042922412945172 0.6348785382492153 0.8239158151628222 0.46953932973514534 1.0 0.7299022651812539 1.0
0 0.8300217461162784 0.930673090951434 0.7962931826513745 1.0 0.9600360430122392 1.0
