0 0.880454394738777 0.6553510855842488 0.8802400782331148 1.0 1.0 1.0 1.0 0.6538278411255586
0 0.8693808183602273 0.07357103937159842 1.0 0.06981882982818839 1.0 0.0 0.8701457036720693 0.0
0 0.4242306353611544 0.07467898104634195 0.8417062298904674 0.07243608103720532 0.8405131433440639 0.0 0.4230215066028035 0.0
0 0.05367890158853164 0.07800983013453405 0.3977644694147663 0.07594930417538885 0.3955914519225986 0.0 0.04926015289192326 0.0
0 0.004333585115349576 0.07090486528881444 0.0020666533373506486 0.0 0.0 0.0 0.0 0.07107372755290121
0 0.844345826666471 0.6494185162863073 0.4461034349513364 0.645590855769246 0.844345826666471 0.6494185162863073 0.446984688161353 1.0 0.8430504893603251 1.0
0 0.07670242028127565 0.6284410500834818 0.4124459033253727 0.6577201055147178 0.3955458715958247 0.634875522525431 0.31974068108203946 0.6314511357842081 0.07670242028127565 0.6284410500834818 0.0 0.6254649583843246 0.0 1.0 0.4201152498027165 1.0 0.0 0.6254649583843246
0 0.0068532213189011655 0.6009093837267829 0.016457284933877887 0.10821587323916974 0.0068532213189011655 0.6009093837267829 0.0 0.10845450060707067 0.0 0.6006877444102386
0 0.40267607502934905 0.11568783817690759 0.050144630373694855 0.10813216978084446 0.04054366944077607 0.6020295695181244 0.4123290903484255 0.6107420713112053 0.40267607502934905 0.11568783817690759
0 0.8442648599874918 0.616894914415543 0.8453903119155729 0.10254049112324383 0.4303446643603182 0.11441452441100255 0.4399881716580733 0.6058553146601323 0.8442648599874918 0.616894914415543
0 0.8730679071650724 0.10488055303344686 0.8755366665851623 0.6132035734235051 1.0 0.6128935264821823 1.0 0.09958012794481487
