0 0.07898951270814554 0.012099102885702871 0.07898951270814554 0.012099102885702871 0.07804087563204327 0.0 0.0 0.0 0.0 0.013727481481034644 0.07804087563204327 0.0
0 0.4417775452856891 0.2738685081030591 0.47869795791401026 0.10394761112171058 0.2812674381063849 0.06584725113976925 0.021785786980208888 0.2591550662935282 0.28889742429057064 0.2477135316112396 0.41168389526303467 0.26911846492853747 0.4417775452856891 0.2738685081030591 0.0 0.0784386753465612 0.0 0.2606580181895864
0 0.5148294663914067 0.11832024561100955 0.501588433759869 0.11594116771895575 0.4658550080036161 0.27863270849289695 0.47067067463605106 0.2798269308844891 0.7716628907555377 0.35141954686789073 0.8086264128006242 0.20077083662991663 0.8037959380164711 0.1935544123665632 0.7953488390639403 0.18273340875842467 0.5365004346268104 0.1230898506861054 0.5148294663914067 0.11832024561100955
0 0.8517140240899406 0.09828873534717035 0.861664295315601 0.2416050224238075 0.8618923817328081 0.3427850330605447 0.857223327075505 0.4066350700383193 0.8560411933652607 0.4162745622904522 0.9331240873263337 0.44741770663917696 0.9354985961307509 0.4329583439408476 0.949775141901377 0.3606548744447522 0.954537111846436 0.33775774824189125 0.9544963728885882 0.3196904822399061 0.9493785984545414 0.18479443663391454 0.9480986921993925 0.15107088858358741 0.9300928069799881 0.0 0.8400341518540673 0.0
0 0.6266652627259152 0.0855463617330437 0.7904001407779013 0.12251778440182523 0.7928066157192813 0.12251236023778923 0.7952130906411723 0.1225069360529648 0.7964129972239413 0.12129978218505878 0.797614134538189 0.12009200886290995 0.8000151797494255 0.11767769832065712 0.8000097500342236 0.11526881205677678 0.8000043203079777 0.11285992583447331 0.7872797998642894 0.0 0.6161105676623722 0.0
0 0.5627992427770565 0.04594095037747461 0.3762078666118696 0.011430271770151759 0.5218710763345156 0.03880644300263122 0.5627992427770565 0.04594095037747461 0.5563697968037079 0.0 0.3736638320955638 0.0 0.5563697968037079 0.0
0 0.1310772367533779 0.013571212652270927 0.32549851171084854 0.008117944640306286 0.3237361702328766 0.0 0.1296688235034592 0.0
0 0.742991264731475 0.9778377675415302 0.7254919446148341 1.0 0.7719597643560239 1.0
0 0.6888165427716082 0.9671197583252353 0.42482649933178895 0.761739845262314 0.6888165427716082 0.9671197583252353 0.23663030736826193 1.0 0.6635904125704278 1.0
0 0.3729830917088268 0.717288845195535 0.21265758942904697 0.5911744758761706 0.3729830917088268 0.717288845195535 0.0 0.8711899860591312 0.0 1.0 0.14965788039776284 1.0
0 0.13913850096216818 0.5395454835075597 0.07646819773198858 0.4963232041513527 0.13913850096216818 0.5395454835075597 0.0 0.4996848605691691 0.0 0.7207653314000713
