0 0.6382106879217614 0.013371983420442109 0.6392798769094794 0.0 0.5736938079775878 0.0
0 0.6875607857314046 0.024100168261062104 0.7032584731413546 0.04936035637282001 0.907888513699334 0.09707486260115683 0.9584477675066951 0.1102084954415174 0.914632871962415 0.0 0.6891766185645375 0.0 1.0 0.1192026683259057 1.0 0.0 0.9666370946715601 0.0
0 0.06843393003238775 0.0 0.0 0.0 0.0 0.35229860072328634 0.06843393003238775 0.0
0 0.005409451054481233 0.5472148888575912 0.1799337130758119 0.5817493643369764 0.254122987127826 0.0 0.10280745690582023 0.0
0 0.9948304873285958 0.2378061616254347 0.9585741909264103 0.16561737451480177 0.8478290316324606 0.13816512516241622 0.6901486166545484 0.10359309565934316 0.6631124099906922 0.38190123105547186 0.6703529068826408 0.3915209664322549 1.0 0.556641088096228 1.0 0.23753542543579131
0 0.6311163493905643 0.06759223497051775 0.21720896829270903 0.5732333587078163 0.5818829628880542 0.6362425395413811 0.6311163493905643 0.06759223497051775 0.32940476683450454 0.0 0.28937638616435946 0.0 0.32940476683450454 0.0
0 0.1356010171873577 0.6613490291187663 0.0037569092962397546 0.8784645170853909 0.02540920754720132 0.877210817617336 0.037426632125071316 0.871160606426965 0.14525842622922033 0.6757817121591643 0.1356010171873577 0.6613490291187663 0.0 0.629688029514799 0.0 0.8774650705927445 0.0 0.629688029514799
0 0.407638884287711 0.724570663247659 0.22226553707572286 0.6804242654083248 0.20544379214898215 0.6900994034084479 0.10239174600626222 0.8710128202214131 0.10964804756573349 0.8878598735708837 0.31307925349478555 0.9367825336747536 0.3287029033897927 0.9295196359679 0.41128412306155204 0.740220243910528 0.407638884287711 0.724570663247659
0 0.6488290890698535 0.44938746310882516 0.6288986463208153 0.6782937164126459 1.0 0.8753193960557331 1.0 0.6241853146457254
0 0.07853623583549013 0.9614065422063719 0.06169800934134964 0.9638543657782381 0.050890277079179445 0.9723101134336001 0.038706630869335824 1.0 0.23709998277165586 1.0
0 0.6146646637153323 0.7674612053992936 0.6002199458669046 0.7638807612270212 0.5869968132591402 0.7687293179053345 0.5761973550425152 0.7807990672290525 0.6146646637153323 0.7674612053992936 0.4713171477683893 1.0 1.0 1.0 1.0 0.9722020229194654
