0 0.16747103653148868 0.15545254865368335 0.16747103653148868 0.15545254865368335 0.18320706675817752 0.0 0.0 0.0 0.0 0.1192026683259057 0.18320706675817752 0.0
0 0.22445870555778344 0.16862384151803989 0.380941919665131 0.20560635581290618 0.40026131665059167 0.0 0.23632973446304031 0.0
0 0.047864493412148656 0.28104792655787003 0.018888674317810175 0.23654619334821284 0.05336635633867054 0.5833722786153973 0.07620848787347331 0.5760934346911635 0.09842321321356065 0.29418214093434003 0.047864493412148656 0.28104792655787003 0.0 0.23753542543579131 0.0 0.556641088096228
0 0.34534019680631434 0.6606615967577117 0.3786570202144846 0.2586112430966069 0.18847119657356476 0.21447771483597577 0.1814980302482134 0.3216967843465544 0.13456749562264983 0.3169867216443817 0.11240107396713975 0.6205780811770844 0.11196574483940225 0.6373840672339736 0.187200485147441 0.6548443638505699 0.34534019680631434 0.6606615967577117
0 0.5435536535097096 0.2919610240197007 0.42921027649802485 0.26933645223687025 0.3858831313773203 0.7885883101939382 0.49658978073739624 0.799176129952369 0.5435536535097096 0.2919610240197007
0 0.8263532566138593 0.326246063571416 0.6121612329315035 0.30625888942785034 0.5941433507513358 0.31834523327756054 0.5591358358824856 0.7930103366412597 0.7817528431298674 0.8141828880234313 0.8263532566138593 0.326246063571416
0 0.8860454245817296 0.3518982834496664 0.840233928455678 0.8362239443349295 0.9492754699447106 0.8464322596341306 0.9757575631487625 0.8489113294941444 1.0 0.8511807516888747 1.0 0.36194468518021394
0 0.3498123505900562 0.7983069329859253 0.3498123505900562 0.7983069329859253 0.0 0.6241853146457254 0.0 0.8753193960557331 0.2348381235533836 1.0 0.2484942606977262 1.0 0.0 0.6241853146457254
0 0.5183769360933111 0.8569438397882578 0.3992459380240952 0.845170816229262 0.5183769360933111 0.8569438397882578 0.3380925608850814 1.0 0.5042259324849104 1.0
0 0.7518166701678566 0.8756828153579749 0.5773360631393927 0.8604224859336076 0.5604957086706259 0.8616654207263145 0.5496956962124843 0.8737358707559334 0.761479772272354 0.892524314709143 0.7518166701678566 0.8756828153579749 0.5369000543153937 1.0 0.7545907048237412 1.0
0 0.8420493278744514 0.8766809463366961 0.830038078067902 0.8851402107534113 0.8210285713711836 1.0 1.0 1.0 1.0 0.892916506546703
0 0.0 0.9722020229194654 0.0 1.0 0.0523175738784686 1.0 0.0 0.9722020229194654
0 0.3373028883910837 0.6892131076089956 0.21203786866010288 0.6840399135011582 0.33313427835686793 0.7395148889637266 0.3373028883910837 0.6892131076089956
0 0.44232326259506966 0.216307437701019 0.5554636174550373 0.23893474291560596 0.5756338211148396 0.0 0.46176751679385036 0.0
0 0.6144026121089489 0.2339815860312082 0.8322090040919002 0.2563699982950446 0.8578584204337762 0.0 0.6375375810685113 0.0
0 0.8983714443238965 0.2538091127550903 1.0 0.26323798807014925 1.0 0.0 0.9184487423385358 0.0
