0 0.08579624565627086 0.3695086074434616 0.041190514186523274 0.8550367446913776 0.08579624565627086 0.3695086074434616 0.0 0.36194468518021394 0.0 0.8511807516888747 0.0 0.36194468518021394
0 0.38830612593701214 0.37795870978725293 0.16689252248856762 0.3567844085892462 0.11988383972106798 0.8435231855332199 0.34611073057680347 0.8646872637821057 0.38830612593701214 0.37795870978725293
0 0.7360582419364582 0.40607095720107594 0.5158446904639058 0.383689341409247 0.4628525132525836 0.8836917410720393 0.6902874956217446 0.9072608348273509 0.7360582419364582 0.40607095720107594
0 0.8058497226546039 0.4119331555158795 0.7480459003183694 0.9119474619506923 1.0 0.9410388817234906 1.0 0.43629576007384996
0 0.7277429208100792 0.9770389253430644 0.7254367032226389 1.0 0.9189453107607652 1.0
0 0.05985735753647788 0.8990691725646905 0.05985735753647788 0.8990691725646905 0.0 0.892916506546703 0.0 1.0 0.05273631391447913 1.0 0.0 0.892916506546703
0 0.3426445848664097 0.9273299427500432 0.1152069561905371 0.9025558679876123 0.3426445848664097 0.9273299427500432 0.10660391233227051 1.0 0.3367636025184861 1.0
0 0.44947250963376567 0.95637576662227 0.4396328840761374 0.955013770543384 0.6854784633731172 0.9899679282056083 0.44947250963376567 0.95637576662227 0.43634543504541434 1.0 0.6843441316409382 1.0
0 0.11376771663113784 0.27379310820947617 0.13996140377266522 0.0 0.0 0.0 0.0 0.26323798807014925
0 0.1667298048233057 0.2857176305417908 0.3965724965604741 0.3104865843397336 0.4300857607535441 0.0 0.19625173434508497 0.0
0 0.5229583260501706 0.3379006533643942 0.7588118951319844 0.36024637601538 0.79321118714124 0.0 0.5532225745395806 0.0
0 0.810540716739475 0.3589226465674704 1.0 0.3794698541101678 1.0 0.0 0.8422020756229598 0.0
