0 0.6073057054076835 0.5028418309583413 0.15363872481683874 0.4557029038882037 0.13250235959011303 0.6822033525560243 0.5669907322808674 0.7594998048371449 0.6073057054076835 0.5028418309583413
0 0.675930352809827 0.5243661005412676 0.6428174416920062 0.7737801951101523 1.0 0.8307337408803483 1.0 0.5518738232808781
0 0.0886536105456323 0.4474203017804182 0.03445414775925547 0.9450170669398879 0.06156916354871949 0.7028431707843591 0.0886536105456323 0.4474203017804182 0.0 0.43629576007384996 0.0 0.9410388817234906 0.0 0.43629576007384996
0 0.5826498369863855 0.8065689760751165 0.12655714975473273 0.7123302516087271 0.09703348110694851 0.95330463207191 0.5826498369863855 0.8065689760751165 0.43909271199984334 1.0 0.5597847512247713 1.0
0 0.6321255836575417 0.8328268526730361 0.6115134708908649 1.0 0.9884652180519794 1.0 1.0 0.9005988651745246 1.0 0.8969523714805294
0 0.6783397543973173 0.002796854636743319 0.6786833310119832 0.0 0.6566019470545702 0.0
0 0.7216531287625958 0.0039016722647602173 0.9712073802974096 0.03037551698603524 1.0 0.0334298657462659 1.0 0.0 0.7219558492388172 0.0
0 0.09333283066939267 0.38959197116030175 0.1308755423015889 0.0 0.0 0.0 0.0 0.3794698541101678
0 0.5003392608553959 0.026092106761336376 0.17031247043496336 0.3821878607533797 0.18117594950379454 0.3978220761217186 0.4519128955226661 0.41767707864935877 0.5003392608553959 0.026092106761336376 0.2586902535117229 0.0 0.21579983128560506 0.0 0.2586902535117229 0.0
0 0.6688177557352892 0.0473861263372544 0.5400541349897763 0.03202369495882064 0.49408983641810245 0.4476934004527105 0.6252520904475236 0.4594370426242549 0.6688177557352892 0.0473861263372544
0 0.7205498979442821 0.04726712464116808 0.6829827073667796 0.45207754343137774 1.0 0.47916662043791713 1.0 0.0828459362573541
