0 0.1098117295948629 0.29165847701075276 0.07250696952725841 0.28813537745648454 0.06924447791011366 0.43028165762134046 0.11375268904173513 0.427764779661199 0.1098117295948629 0.29165847701075276
0 0.6066422913819891 0.2711730628040352 0.5452635723481231 0.2628909320743609 0.5359828957964928 0.4038468899999606 0.6021590366248872 0.4060955142752255 0.6066422913819891 0.2711730628040352
0 0.5411260714827328 0.5195314328552902 0.5435604556696603 0.6643725871177671 0.7014009818783705 0.6467648472634725 0.8205573203884395 0.6669518770469874 1.0 0.690327578146037 1.0 0.4949965296816039
0 0.8290973967400738 0.7151134823058761 0.8188957091607254 0.9717090438206203 0.817369989491406 1.0 1.0 1.0 1.0 0.7353047672045289
0 0.6537907737994708 0.402664342298117 0.7513342120801751 0.4021171038263632 0.8355503610114505 0.4019113503367487 0.660696841700405 0.2779053160350217 0.6537907737994708 0.402664342298117 0.8630333105568266 0.0 0.6760796442386439 0.0
0 0.8559646273503614 0.38620193286369076 0.9991182255371311 0.37982901159299665 1.0 0.3650800751258797 1.0 0.0 0.8843407271903573 0.0
0 0.7905600396662367 0.699547476202547 0.7195239906320939 0.6780390321912295 0.5607420255307549 0.6892677230776639 0.7905600396662367 0.699547476202547 0.5580131923789091 1.0 0.7887214509610954 1.0
0 0.5318729745816152 0.6917471656122267 0.28650334000960787 0.7176419359923608 0.2977586760952747 1.0 0.5352274812829521 1.0
0 0.24702315410526535 0.7261387876215247 0.025598691685711883 0.7272109377589876 0.03258565331765374 1.0 0.2605042901561476 1.0
0 0.00019565869154451079 0.7303861361006541 0.0 0.7304000477420066 0.0 0.7401665603361166 0.0 0.990342495563799 0.0 1.0 0.0008682700562143426 1.0 0.0 0.990342495563799
0 0.4906484763856213 0.6702750046707152 0.49241083148522646 0.5221357977301404 0.1645562767661469 0.5396640447331745 0.16251972838879283 0.6914438328414334 0.3922876532183551 0.681247479351675 0.4906484763856213 0.6702750046707152
