0 0.9848952608928351 0.6471926921768513 0.9698070881205747 0.3822258623420087 0.8026212191313389 0.40070586274627756 0.8020395900936421 0.6536650470377049 0.9848952608928351 0.6471926921768513
0 0.5879318604344055 0.6722593879725163 0.5901463078827652 0.5939579781909621 0.644284735736108 0.5938250508525019 0.641441561668486 0.4155556057559674 0.4694222819292647 0.42561444262818304 0.4760588232009431 0.6785564321686919 0.5879318604344055 0.6722593879725163
0 0.43878275539797784 0.6870799373872207 0.4357299668168048 0.4232881631383011 0.26490781399183433 0.43093484623877754 0.2763885873217819 0.6971148738924328 0.43878275539797784 0.6870799373872207
0 0.24871723807911802 0.6971827461974511 0.23242382072103318 0.4310145296057911 0.09289742218109642 0.44460667382661573 0.08960731172331454 0.5747079024797118 0.09592067657321192 0.6963529457766244 0.21503669012409576 0.6996749405961171 0.24871723807911802 0.6971827461974511
0 0.8762981227537721 0.028313537207383502 0.8835787337884994 0.25300317713222886 1.0 0.2479261911929349 1.0 0.025204385352325977
0 0.8467773082627718 0.2548445289004712 0.8257772046262578 0.0320517735029074 0.6272937087049959 0.04338100439279881 0.631186744399605 0.1590089944414088 0.6374864262525193 0.27463169002512433 0.8467773082627718 0.2548445289004712
0 0.5093101989013344 0.011146492470334992 0.7192060924097264 0.0 0.509098819732243 0.0
0 0.47759568579276246 0.32441131309242094 0.46519234257871883 0.17266654009362295 0.39542421148960183 0.17765635173492422 0.39567547862703484 0.2800432823185944 0.3957789395441864 0.32220315042784287 0.47759568579276246 0.32441131309242094
0 0.7763297075790395 0.4208273563268795 0.6590681870333646 0.41935459005064063 0.6608371463170075 0.6623686292760139 0.7792587243560596 0.6585562244359444 0.7763297075790395 0.4208273563268795
0 0.9840119466963639 0.777288151026742 0.9789541560462 0.6773213324181824 0.8213690686615643 0.6861405705970169 0.8069641155735396 0.6994265509199693 0.8156048427518535 0.7885429356903625 0.9840119466963639 0.777288151026742
0 0.03438868209415326 0.6254347823960433 0.04839147984055604 0.448329251575335 0.0 0.4508755112971199 0.0 0.6231060990129195
