0 0.10341331875876895 0.24341646558082686 0.0921146586279304 0.022889154019494845 0.10341331875876895 0.24341646558082686 0.0 0.025204385352325977 0.0 0.2479261911929349
0 0.8579648578736352 0.9787092638766572 0.758083800098902 0.9693193600769542 0.8579648578736352 0.9787092638766572 0.7585652149108965 1.0 1.0 1.0 1.0 0.991118504237513
0 0.7758470829674416 0.36578735127889495 0.7465321606146054 0.675432867535504 0.9246085639619259 0.6822217257937975 1.0 0.6798156046848237 1.0 0.3554498311250913
0 0.7346282492109911 0.7272588930343347 0.7206119214244663 0.8983418806056822 1.0 0.9104638601520667 1.0 0.7294693214529022
0 0.7016315936739249 0.5189500709426812 0.7084083269327646 0.33945348529685393 0.42810444888097227 0.34737115662614554 0.43097884322064756 0.5376849327691169 0.5320447894728287 0.5398451606453656 0.5320863007358982 0.5567097448326311 0.43704792424391914 0.5593520177376895 0.4303419416517838 0.7677585372408908 0.5821581630959716 0.8589315559255979 0.5966187979884376 0.8685324826713041 0.6640103040563616 0.8755941193558126 0.7016315936739249 0.5189500709426812
0 0.3854594953087886 0.6185025810061093 0.3728033076082992 0.3643713150724917 0.2092087172410458 0.375614173724381 0.21220427769359756 0.6153153116428763 0.22306468024264256 0.6285385851437647 0.3854594953087886 0.6185025810061093
0 0.3966311001634096 0.758204962479309 0.3927701219099339 0.6558261908634692 0.21232276643532125 0.6634976179886289 0.21978145554520903 0.761048958003858 0.3966311001634096 0.758204962479309
0 0.18370605610995588 0.7683652146215 0.178633319622266 0.6623759782634542 0.013823552924028997 0.6688042172678513 0.015290059430173197 0.7760067908208751 0.18370605610995588 0.7683652146215
0 0.17957272511146574 0.5551674687035647 0.16950065613534843 0.3733028580520822 0.0010986873426843363 0.3869668962075831 0.014967363090367395 0.6447098039358584 0.13285910841143383 0.6396020319231304 0.18300800294847197 0.6382933497480379 0.17957272511146574 0.5551674687035647
0 0.30030895530030005 0.23927429554892202 0.2768784115688314 0.006851567367087 0.18184868713113295 0.013107792806999174 0.1980431871185174 0.23832138226649557 0.30030895530030005 0.23927429554892202
0 0.3095844799620239 0.0019173687698199704 0.3335446529192615 0.20848269953820056 1.0 0.19869218473446876 1.0 0.0033054748824602386
