0 0.8897057049745047 0.1532576832589912 0.5476658182469816 0.6244620767210995 0.8297270117453158 0.816433688277763 1.0 0.5761782646444301 1.0 0.2257347448185391
0 0.9577377644410542 0.9907549051359643 0.9514004089178216 1.0 0.9706475244491674 1.0
0 0.07030862340735057 0.29087630632853534 0.2743373840914694 0.0 0.0 0.0 0.0 0.2389592406907009
0 0.8385922974401283 0.0948430357263708 0.9030613630280129 0.0 0.7082689004536556 0.0
0 0.5665592653052087 0.051012796331325966 0.2550596893545078 0.09402122380808171 0.4491233058610433 0.22479781076555205 0.5665592653052087 0.051012796331325966 0.49672450088837566 0.0 0.3213000565731224 0.0 0.49672450088837566 0.0
0 0.8051142871651414 0.17203035983785867 0.6122534062110032 0.0412515423212452 0.47325802257493793 0.25123331220883427 0.6588907220386211 0.3784177586531001 0.8051142871651414 0.17203035983785867
0 0.510499050515269 0.6727478645009053 0.19829714693584805 0.4579701606124289 0.13482714668761733 0.5677625703249849 0.44221745329337403 0.7825541273041435 0.510499050515269 0.6727478645009053
0 0.34121840608423715 0.8069207122682749 0.17838038988174396 0.6555812398880436 0.10401061139616338 0.7389021089360338 0.2680549630304782 0.8914429270158931 0.34121840608423715 0.8069207122682749
0 0.1621560665444543 0.4412035636692857 0.002791809304524523 0.6825599324061375 0.10469999471819774 0.5497750772568637 0.1621560665444543 0.4412035636692857 0.0 0.31936332982698457 0.0 0.6792618062616561 0.0 0.31936332982698457
0 0.7419532035284756 0.8371509429326695 0.5454758524782575 0.7039732827073394 0.3380995822623554 0.9876219925915009 0.7419532035284756 0.8371509429326695 0.32944123995752034 1.0 0.6360454944006404 1.0
0 0.6445541940581785 0.41580000167976916 0.23226826250206803 0.11938037384084967 0.10045270101080482 0.31488706957654833 0.5163342860806984 0.6064785492057916 0.6445541940581785 0.41580000167976916
0 0.03913854867084258 0.7544048955533255 0.0 0.8079239104317631 0.0 1.0 0.2535828951211322 1.0
0 0.9790268143202097 0.1450933816840452 1.0 0.1601802640867294 1.0 0.10431644709483254
