0 0.1804631273249679 0.22906188155489676 0.09173423958537744 0.8881412389483128 0.13694545399504074 0.6664049266234688 0.1630261568523209 0.4965072854632214 0.17839394769002953 0.377223489930513 0.1804631273249679 0.22906188155489676 0.0 0.2005737780967492 0.0 0.8667506922676689 0.0 0.2005737780967492
0 0.32967707261451185 0.24438049146196003 0.21175058021467177 0.23260398255308182 0.18484830234298633 0.5699335073239182 0.11942597418513662 0.8977144428714005 0.2686850734712655 0.9323062052804808 0.29942614096861286 0.6961487121857427 0.31288201351872313 0.5571718532744406 0.32998716993664595 0.38049156231626596 0.32967707261451185 0.24438049146196003
0 0.6955262169245792 0.29654613481732744 0.38384763992985654 0.25871172675028015 0.37424516954690373 0.26836984574494355 0.30480442415742665 0.9442690907332397 0.6955262169245792 0.29654613481732744 0.5736938079775878 1.0 0.6392798769094794 1.0
0 0.73642777387918 0.29524838803235043 0.9358440018587539 0.6946977844260481 0.9887953445782552 0.7018036604815167 0.6891766185645375 1.0 0.914632871962415 1.0 0.9666370946715601 1.0 1.0 1.0 1.0 0.3124444985360245
0 0.08220298212240965 0.929116773180457 0.08220298212240965 0.929116773180457 0.0 0.9088381153088028 0.0 1.0 0.06843393003238775 1.0 0.0 0.9088381153088028
0 0.2567616072877709 0.9793094672974924 0.11350702554217566 0.9398862100812929 0.2567616072877709 0.9793094672974924 0.10280745690582023 1.0 0.254122987127826 1.0
0 0.290474388242414 0.9912784544930373 0.28937638616435946 1.0 0.32940476683450454 1.0
0 0.768261473795264 0.010906315479259774 1.0 0.024331709220188465 1.0 0.0 0.6138741070229282 0.0
0 0.009430007845759305 0.0 0.0 0.0 0.0 0.0520402799257424 0.009430007845759305 0.0
0 0.010703581812909684 0.17283543490023395 0.08292267929133827 0.18832952319319055 0.18761027504172037 0.19772737468760548 0.2059640225051371 0.0 0.040439059995551474 0.0
0 0.22011167219137343 0.20608513479732574 0.3476598256722738 0.2166352584221128 0.3703022335932916 0.0 0.23776909415450007 0.0
0 0.5481221453031134 0.019840206545404422 0.38977805034077384 0.22135832951781656 0.5498194461995158 0.2366514282024375 0.6966254132705209 0.2507713272939929 0.7122482426993135 0.2435083577839073 0.726209845940821 0.03509316748260653 0.5481221453031134 0.019840206545404422 0.4346586490043552 0.0 0.41173165868074174 0.0 0.4346586490043552 0.0
0 0.7731317026727403 0.03619057123202413 0.7543829872645683 0.25545739224561764 1.0 0.27546464446677127 1.0 0.05820882824695556
