0 0.20905406340578506 0.7446635875754583 0.42925240400482084 0.7610241233128325 0.4499492400332396 0.34180031105845743 0.0 0.3124444985360245 0.0 1.0 0.18320706675817752 1.0
0 0.41852617872320536 0.8056165141743324 0.25125930687334225 0.7879306105473499 0.41852617872320536 0.8056165141743324 0.23632973446304031 1.0 0.40026131665059167 1.0
0 0.959294803486841 0.013002480201375339 0.9593895825533663 0.011891549927041811 0.9604068858726894 0.0 0.8358246592800752 0.0
0 0.08831719729248692 0.029448222069418273 0.09222352386843123 0.0 0.0 0.0 0.0 0.024331709220188465
0 0.15690150434037595 0.034110008522522384 0.5058677720656802 0.06824350458460741 0.5120718594023679 0.0 0.15999976700699856 0.0
0 0.08840247131433701 0.06678855647374467 0.07084618580195345 0.28123557007172306 0.08840247131433701 0.06678855647374467 0.0 0.05820882824695556 0.0 0.27546464446677127 0.0 0.05820882824695556
0 0.5023380966789375 0.10318321253765618 0.1389394045904845 0.07028649731528618 0.1261868490778555 0.2811091971757387 0.48957013752488315 0.30677810206144446 0.5023380966789375 0.10318321253765618
0 0.9156143108543481 0.3768706163388756 0.5293452428094643 0.3392092760602045 0.5104736153022154 0.5042731197390555 0.9027475895199121 0.5371030146559366 0.9156143108543481 0.3768706163388756
0 0.8980398068163863 0.5828861472572137 0.5081557702563747 0.5428234161671291 0.4882214863428785 0.7693211458280235 0.8828993501820607 0.8009406377877316 0.8980398068163863 0.5828861472572137
0 0.9758000692210346 0.3911875294971031 0.9442882527592009 0.8152548368058846 1.0 0.8203942220332492 1.0 0.39310698740221867
0 0.5894323601222734 0.8365435259942448 0.47752066956147604 0.8247541882520262 0.5894323601222734 0.8365435259942448 0.46176751679385036 1.0 0.5756338211148396 1.0
0 0.8710226346189545 0.8684215842105805 0.6688754691196136 0.8544305391269501 0.6508548961603924 0.8653118354152042 0.8710226346189545 0.8684215842105805 0.6375375810685113 1.0 0.8578584204337762 1.0
0 0.9287722886129182 0.8694938871535363 0.9184487423385358 1.0 1.0 1.0 1.0 0.8770806049087566
0 0.9485832272772254 0.06361718840408377 0.5587075395427128 0.027168764208739687 0.5376675621824931 0.29582743104529075 0.9299492779619232 0.3322705137522658 0.9485832272772254 0.06361718840408377
0 0.9913104229433138 0.33453956325163514 1.0 0.33521206872578135 1.0 0.23372283268648988
