0 0.02193324700977742 0.13434183327438945 0.17109927105587 0.12674118406642348 0.17229209332455128 0.0 0.021597338064298154 0.0
0 0.42618080760656885 0.13634511688431245 0.40429309285287246 0.04364812420238129 0.3526054664941567 0.06184555919611108 0.37689315822508035 0.15212817153856745 0.42618080760656885 0.13634511688431245
0 0.6207865207142066 0.01781038714387057 0.45354451668684687 0.013409952111209131 0.4575093851805478 0.1555404875700507 0.621121373966959 0.15151670853196877 0.6207865207142066 0.01781038714387057 0.6195558820144264 0.0 0.4530382161567417 0.0 0.6195558820144264 0.0
0 0.40011350998465783 0.2966188789892271 0.3371729939114745 0.14499998375907516 0.0051665665374177605 0.1651036448820475 0.41230773308712004 0.36163548429387465 0.40011350998465783 0.2966188789892271 0.0 0.16595253066979296 0.0 0.41160075310735184
0 0.4342976461363569 0.9759124786528 0.39820079174969647 0.9747989192839421 0.22740591411474112 0.9932942142186639 0.4499737628168402 0.9903284419478254 0.4342976461363569 0.9759124786528 0.17826026897890254 1.0 0.45065302448212713 1.0
0 0.9969721194487918 0.8239320363386405 1.0 0.8275319484476544 1.0 0.4541072411638071
0 0.8420949216227686 0.9532093106871729 0.8430273755399309 1.0 1.0 1.0 1.0 0.9515070463221916
0 0.44969344730344096 0.878304193595385 0.4269495920475777 0.4435095308636861 0.407642749688002 0.4206718025540675 0.10901626818195875 0.6820007683625153 0.11077645916100763 0.7008470685165074 0.10818158323278833 0.9466139043218992 0.4317017128490865 0.9000307685602039 0.44969344730344096 0.878304193595385 0.0 0.4604101055335378 0.0 0.6876439111156278 0.0 0.7081064670281727 0.0 0.9501503328068264
0 0.9525271566238244 0.8517487046056127 0.9477039597215164 0.36752210560765614 0.7419955486313969 0.37646903942029497 0.7442416712349336 0.31262137645236493 0.6155376323994269 0.3237848288471674 0.4856504473268671 0.3433832200430538 0.5219039749270236 0.8877594411800065 0.7480711434271345 0.8811713084336463 0.9525271566238244 0.8517487046056127
0 0.47716297015651804 0.3169036927471862 0.5842240776588431 0.31061254545486666 0.5962548958188317 0.31058241915487506 0.6094851022866834 0.30934479158078976 0.609439857274365 0.2912762205110758 0.6359057470975121 0.2900054442665714 0.6768018471429929 0.28629014354611015 0.7513789367544952 0.2800796126168482 0.7367091197878822 0.18736455017733616 0.4732644443660034 0.20127438232135564 0.47716297015651804 0.3169036927471862
0 0.7257600148585259 0.13920901976147926 0.8232143528886978 0.14016934118487134 0.90338225247021 0.12050528465861339 0.8772751548872122 0.0 0.7273957775828834 0.0
0 0.7951768534430311 0.9545313335696044 0.5232848721696207 0.9588262126263903 0.5242652722717305 1.0 0.7954104796398904 1.0
0 0.9941326849063596 0.17105972250800203 0.9942081752559349 0.20117381519936622 1.0 0.2009125182030865 1.0 0.16736752664291563
0 0.9360066397834599 0.020633414127718634 1.0 0.01691315278408679 1.0 0.0 0.935227545734726 0.0
