0 0.23684684302231077 0.04637976787148854 0.18028979084327154 0.04170365613884161 0.23684684302231077 0.04637976787148854 0.23851234046631584 0.0 0.18172724863758613 0.0 0.23851234046631584 0.0
0 0.241646989458979 0.520969995878398 0.24217624437050997 0.25234844074967666 0.0015778910814597314 0.2613839034565189 0.0343800616708214 0.8684071408630339 0.19438084049792564 0.8631880255154318 0.21232112231641292 0.8209831599223815 0.23128137775210658 0.7052958340872264 0.241646989458979 0.520969995878398 0.0 0.4541072411638071 0.0 0.8275319484476544
0 0.6651116619243022 0.9884878125262799 0.5243633651078782 0.9948636007736691 0.5245289478665978 1.0 0.665140562669789 1.0
0 0.4653569412943568 0.9733288649338231 0.1922435912671302 0.9704004390932071 0.18263990487936688 0.9788566178801524 0.4653569412943568 0.9733288649338231 0.1835352803424247 1.0 0.46633206121778553 1.0
0 0.1332390363612787 0.9500706893328498 0.0 0.9515070463221916 0.0 1.0 0.13444843092465414 1.0
0 0.1072867439305699 0.19607229859770198 0.1047967442062937 0.16235014809252493 0.003742358680939168 0.16501252763868243 0.1072867439305699 0.19607229859770198 0.0 0.16736752664291563 0.0 0.2009125182030865
0 0.25498401698256073 0.08247166080972568 0.1214100592649165 0.07076112786263801 0.11668860487916824 0.10690974284636837 0.2526686344540401 0.11861486578635472 0.25498401698256073 0.08247166080972568
0 0.9236471486411766 1.0 1.0 1.0 1.0 0.9968902837593369 0.9236471486411766 1.0
0 0.02261742661761221 0.015598286086612758 0.02103923772536058 0.0 0.0 0.0 0.0 0.01691315278408679
0 0.3874906430078584 0.31294758215218393 0.3867819652345099 0.26422794933066496 0.3076377144700298 0.26618796083535967 0.30822715910037995 0.3142886795291834 0.3874906430078584 0.31294758215218393
