0 0.7895625854511089 0.0469550194556757 0.2796578818033804 0.1314472293901275 0.4774976735537773 0.32606090655779413 0.7895625854511089 0.0469550194556757 0.7443758937256808 0.0 0.42456064894118833 0.0 0.7443758937256808 0.0
0 0.8064683048759799 0.0697968584630676 0.502846868799873 0.35731301633376705 0.7236245407697462 0.5807760032065513 1.0 0.310388808053579 1.0 0.2657530814949813
0 0.7618115343046306 0.6179834792381029 0.9633089571801078 0.8143113241542536 1.0 0.7794449614607514 1.0 0.3882272138722543
0 0.9307640816849806 0.8477794506584109 0.7251967438349602 0.6533023291829576 0.5426195856487243 0.8294145991021895 0.4682485661687153 0.9127321291499991 0.6080234065443199 0.9906560541941934 0.9307640816849806 0.8477794506584109 0.6289784693884047 1.0 0.7834833782106281 1.0
0 0.6912020041127012 0.6143751179440979 0.47588473968433553 0.39848971186605825 0.2515535008159461 0.6456440985765388 0.2839332021201112 0.8059833706389473 0.4266491415551458 0.8939237432211734 0.6912020041127012 0.6143751179440979
0 0.44338728671958827 0.9444414014374377 0.39877683074061854 0.9251902610770868 0.44338728671958827 0.9444414014374377 0.35958547612139763 1.0 0.4141889024508935 1.0
0 0.2135712886410224 0.12666390909335212 0.2135712886410224 0.12666390909335212 0.05099984593339247 0.0 0.0 0.0 0.0 0.3450454253241122 0.05099984593339247 0.0
0 0.4283437455496453 0.3912425115908809 0.21487008369855634 0.19907930297195553 0.012094647740918677 0.4056139882258621 0.2327612897409643 0.588121235504172 0.4283437455496453 0.3912425115908809
0 0.23862179860761693 0.0833732180134183 0.25906849693316 0.0809084860827451 0.3445955557525415 0.0 0.1515960387645133 0.0
0 0.9506597247909859 0.8933637250495873 1.0 0.9474727215942976 1.0 0.8455799210319014
0 0.21699664073683236 0.9162862534810455 0.15304945683764487 0.9017830986647971 0.21699664073683236 0.9162862534810455 0.13302871914150155 1.0 0.20044910860300902 1.0
