0 0.41133195209708545 0.12157287546400901 0.3836206653491337 0.1035680316796209 0.18906528553353488 0.25216840162986426 0.07756321398381197 0.41985240297350374 0.08121663094960271 0.4391165542950085 0.21008782120009659 0.5026632920760007 0.41133195209708545 0.12157287546400901
0 0.9177472980058201 0.09150919522171902 0.6589118769438519 0.012600579658725268 0.5133378218158379 0.5381075093902602 0.8226337808545844 0.5867875463677952 0.9120185088154779 0.21679284619714928 0.8903522257120885 0.21202450387484204 0.9177472980058201 0.09150919522171902
0 0.9717167185092672 0.01790871876964607 0.906817704574134 0.5733463912810355 1.0 0.5843067670215399 1.0 0.02138287440184081
0 0.1742102822306734 0.5966978763092804 0.000741045706231032 0.4959127777609305 0.07357425201399267 0.781220637876296 0.1742102822306734 0.5966978763092804 0.0 0.49669737098362987 0.0 0.7598043555304832
0 0.3949062530833011 0.8322831270440127 0.44490423227682835 0.599694343953575 0.24867802740124811 0.543529221033609 0.23906249816010236 0.5471651048638457 0.2198521581873449 0.5640718271671631 0.19109426556372094 0.6147274350041271 0.10366137605617916 0.785969932240492 0.15782625888281937 0.7978917127113336 0.211993281267811 0.8110179222559383 0.22279869849826947 0.80135706973587 0.3949062530833011 0.8322831270440127
0 0.8372108836604086 0.6481850966131323 0.4906312036598243 0.6044085151083685 0.4478380149723951 0.8309574032457269 0.6512523258225367 0.8738569519414943 0.810068461364169 0.8795174984110865 0.8280813149481422 0.8650217184637483 0.8456652976268602 0.6626210902142448 0.8372108836604086 0.6481850966131323
0 0.9081389188644629 0.6251373406770919 0.9009369702038387 0.6323811196515552 0.896206957976417 0.6685279877406035 0.8750086217932805 0.8685279756729081 1.0 0.8799294237682725 1.0 0.6400825265285263
0 0.06279899627317531 0.8041303851737513 0.0317639406798095 0.9114047035043202 0.06279899627317531 0.8041303851737513 0.0 0.7869493824786828 0.0 0.9061468472475874 0.0 0.7869493824786828
0 0.23731518180810063 0.836256206575433 0.09167492490895104 0.805269700185268 0.06305131882528987 0.9149468251662618 0.18738582259959455 0.9328519552153338 0.21949984091152652 0.9374763543681702 0.222124378844643 0.9225648904390673 0.23731518180810063 0.836256206575433
0 0.39376855115029263 0.861193819690218 0.2661966089383158 0.8398031478213038 0.2570014300773195 0.9122367976499964 0.2531959279967209 0.9422180195997695 0.37835774682477247 0.9612053034276685 0.3892556100164358 0.8904847033238308 0.39376855115029263 0.861193819690218
0 0.6088891589253526 0.8953913577025499 0.4370875219905525 0.8647090553687083 0.4341100056348384 0.8914870108893186 0.4252981624320781 0.9707345576980597 0.5865697444201907 0.998071150517449 0.8113297731865874 0.9048093725594759 0.6368758507319104 0.9003895607785272 0.6088891589253526 0.8953913577025499 0.6138741070229282 1.0 1.0 1.0 1.0 0.9152917280087018
0 0.012197197021516382 0.9847290371689543 0.019804273651326525 0.9427495404751254 0.0 0.9398836686926157 0.0 1.0 0.009430007845759305 1.0
0 0.1127423869242746 0.9549555684433807 0.049885941906995836 0.9450899585226895 0.04472348435814761 0.9750970761772939 0.2087465430967466 0.9700235337408544 0.1127423869242746 0.9549555684433807 0.040439059995551474 1.0 0.2059640225051371 1.0
0 0.3712079115329863 0.9913347654884122 0.24003394506384212 0.9735662371363956 0.3712079115329863 0.9913347654884122 0.23776909415450007 1.0 0.3703022335932916 1.0
0 0.41212248169369353 0.9960593298393404 0.41173165868074174 1.0 0.4346586490043552 1.0
0 0.5949427435768861 0.07753785378456622 0.6220847513865068 0.008813463448766408 0.4947560590732908 0.0435563449096914 0.4811330751656718 0.08039199587107533 0.47873269243297306 0.08688289152461172 0.5059250433456083 0.09989162495434571 0.5733707068489752 0.13215810542848094 0.5838235692754314 0.1056917958967957 0.5949427435768861 0.07753785378456622
0 0.5665685544014109 0.14049193443556054 0.46419966674692636 0.09254421628260147 0.2582316608739239 0.5121892168058223 0.44964807936281165 0.5695703567287151 0.5080672217602914 0.33696354766117276 0.5665685544014109 0.14049193443556054
