0 0.04388387772906984 0.12627320155246197 0.01927088920378843 0.4105988474700409 0.04388387772906984 0.12627320155246197 0.0 0.12125342744494577 0.0 0.408466986847877 0.0 0.12125342744494577
0 0.013391227802071857 0.4696343074796756 0.0 0.46833718629191506 0.0 0.6052335994613541
0 0.3315087424322575 0.16777231776948723 0.10045473561281804 0.1381887427233417 0.04993751600394325 0.668298606139925 0.06563535003743207 0.6935574341673203 0.2798417974249865 0.7207709065477196 0.3315087424322575 0.16777231776948723
0 0.6082693369549838 0.1936372899745293 0.3784359416127124 0.17127806711680554 0.32677192927435544 0.7254817651045304 0.5602273640178049 0.7526507160977787 0.6082693369549838 0.1936372899745293
0 0.9969488833039569 0.23369874898857212 0.7743241859772945 0.2077108107299665 0.7478708043054856 0.21379382697846155 0.6914155669634293 0.7764400552312829 0.9381162732846959 0.8083964748462246 0.9969488833039569 0.23369874898857212
0 0.9778280127280278 0.8131230941458618 1.0 0.8156363445837868 1.0 0.6041548695610842
0 0.5519634173685782 0.8213279576877387 0.32693208246858946 0.7953441208656518 0.5519634173685782 0.8213279576877387 0.30770891977754417 1.0 0.5334505171076758 1.0
0 0.92137571938654 0.8530022594260892 0.692737404113409 0.8282323189459285 0.6759221497865125 0.8403160804439449 0.92137571938654 0.8530022594260892 0.6596860523705306 1.0 0.9066583949096007 1.0
0 0.969519986987369 0.862527959349609 0.9552633410329184 1.0 1.0 1.0 1.0 0.8658479356417575
0 0.7661496036308345 0.048035866109205426 1.0 0.0729420655680294 1.0 0.0 0.7700815246330474 0.0
0 0.2787989565007277 0.7906372496791327 0.04053107128909961 0.7634788745917092 0.2787989565007277 0.7906372496791327 0.02014497995008635 1.0 0.2618189724301924 1.0
