0 0.9796233788590353 0.13748385901952645 0.9941068443363965 0.1579274951141807 1.0 0.15858807827694685 1.0 0.0 0.9954568610499874 0.0
0 0.8501321562325042 0.32809878787968816 0.3954772259663012 0.27231933612564513 0.37081133733134625 0.5325547506094468 0.8254559403248386 0.5835172141423329 0.8501321562325042 0.32809878787968816
0 0.898284689516693 0.34123752040755784 0.8711976684366926 0.5942532216560222 1.0 0.6096687237341691 1.0 0.3529441664030848
0 0.33870026388272423 0.27025378065038347 0.039060883113296745 0.23601090057485274 0.2798738489971012 0.8473607482648362 0.33870026388272423 0.27025378065038347 0.0 0.6041548695610842 0.0 0.8156363445837868
0 0.6354628602396579 0.6224990839239347 0.3562688764004544 0.5858013724899327 0.32802092570870967 0.8580907845456307 0.6096102685566973 0.8899652896315506 0.6354628602396579 0.6224990839239347
0 0.8207854957549947 0.6449589886766832 0.6848067254120056 0.6308173278817758 0.6577407690601865 0.8934685204373235 0.7913138138061739 0.9076151656269945 0.8207854957549947 0.6449589886766832
0 0.8641095756862611 0.6508815057715022 0.8358215321033761 0.9051037774808152 1.0 0.9241192529107881 1.0 0.6658233513867092
0 0.7709700985323755 0.954638911419293 0.3124840680264843 0.9026938637165698 0.7709700985323755 0.954638911419293 0.30191188777983163 1.0 0.7656566567003215 1.0
0 0.833539760649923 0.9593126890143916 0.8292048304042525 1.0 1.0 1.0 1.0 0.9754321933868484
0 0.2619365634179711 0.894378867715025 0.2619365634179711 0.894378867715025 0.0 0.8658479356417575 0.0 1.0 0.2515873595503172 1.0 0.0 0.8658479356417575
0 0.23820763976206702 0.09831233254683035 0.2587010405944217 0.0 0.0 0.0 0.0 0.0729420655680294
0 0.3550887529658387 0.07267223784405952 0.914675237696462 0.14486086864633443 0.9315420885088063 0.0 0.3627766583913284 0.0
