0 0.7551730468726432 0.025239784601166278 0.7584463689261502 0.06076571588787302 0.7777527183571504 0.30856869031853346 0.961370212863575 0.3059997603655044 0.9650625279088711 0.06716136709424052 0.965951105939755 0.0 0.7551104671388216 0.0
0 0.08935588604282316 0.7917901410558751 0.37690572549448575 0.7958963914520568 0.3836585043720811 0.6079667242763929 0.0 0.6003236994546453 0.0 0.7954522934525883
0 0.9993745060471284 0.014997530971865791 1.0 0.03983599085992666 1.0 0.0 0.9998722314882927 0.0
0 0.9606738461410872 0.4186242593087232 0.9600216529279246 0.3757137704726929 0.818608736022028 0.37802139083163855 0.8226358667728872 0.5466507328385098 0.9634031414019938 0.5487112512410748 0.9606738461410872 0.4186242593087232
0 0.718750616404634 0.30376871636296926 0.4889562045453695 0.30192920135825546 0.718750616404634 0.30376871636296926 0.7234541134924708 0.0 0.49126256982435507 0.0 0.7234541134924708 0.0
0 0.957620045027906 0.5938178740454015 0.828265416390378 0.5928934509911379 0.957620045027906 0.5938178740454015 0.8451211072837252 1.0 0.9971622879456837 1.0
0 0.7794409209459522 0.593736698046866 0.4834792204637736 0.5932649900957695 0.44805102923885715 0.5950518579966283 0.4068479212129353 0.5960642098345065 0.40429284033712826 0.6813945188984566 0.40214035043791285 0.7837883787923318 0.45989152710599485 0.784849852075255 0.7955500692166023 0.7828136709401601 0.7794409209459522 0.593736698046866
0 0.4382368687974871 0.2994620731740702 0.44296757128916087 0.07886933436209331 0.44069881343029677 0.0 0.0 0.0 0.0 0.29443405037577214
0 0.3878079966054917 0.8259835237584192 0.3878079966054917 0.8259835237584192 0.0 0.824786236244939 0.0 1.0 0.3961001806998725 1.0 0.0 0.824786236244939
0 0.8088494939363977 0.8092807520767561 0.4130390280762349 0.812671027735893 0.4198310181249377 1.0 0.8148175704811663 1.0
0 0.7191234201902311 0.3560086843431096 0.4892906165600157 0.35188300007202483 0.48910654987152136 0.5615611509838306 0.7217261586475282 0.5544096905341239 0.7191234201902311 0.3560086843431096
0 0.4275136168151552 0.34164891128329183 0.43047154000381604 0.5644866429504826 0.4275136168151552 0.34164891128329183 0.0 0.3373730271532357 0.0 0.5615423388602941 0.0 0.3373730271532357
