0 0.667872928415342 0.33013996243173416 0.9385610934106128 0.32705735351951465 0.9529588656105139 0.3113618965094849 0.9618584682600189 0.019834489981626537 0.9207139997939056 0.0 0.6648469141816907 0.0
0 0.2568633238116248 0.5347571019251014 0.25944455170643765 0.46487965533935965 0.19829826431765166 0.18193874730654536 0.012404952323910404 0.5324385320503017 0.16760000509557815 0.5308489689322008 0.2568633238116248 0.5347571019251014 0.20143333113607864 0.0 0.0 0.0 0.0 0.03983599085992666
0 0.5830343859232752 0.5640365736037827 0.5812537813096583 0.33155909248965143 0.444114198206715 0.3367177589839587 0.448073249665854 0.47764280940039167 0.448133081846065 0.501734362532658 0.5046985490494742 0.5100253101326443 0.5000061881701185 0.5582197553638594 0.5830343859232752 0.5640365736037827
0 0.9570358582046167 0.4992644252155744 0.8692129631788883 0.500687935888504 0.8676781152756946 0.3669843780116602 0.6703597696516149 0.36265632352967453 0.6888533429500159 1.0 0.9516881422095923 1.0
0 0.9893152489214869 0.4172736593855465 0.9917376414324649 1.0 1.0 1.0 1.0 0.41751787730824236
0 0.2678726875489228 0.5840923718043075 0.0152431810952983 0.5919468399872835 0.03870081832052911 1.0 0.27248674277878115 1.0
0 0.5843152038026436 0.5953526697208679 0.2991653698856938 0.5888332750976253 0.5843152038026436 0.5953526697208679 0.3197439539366106 1.0 0.5943220010224765 1.0
0 0.9939001927051696 0.3257152104626614 1.0 0.3257308746223476 1.0 0.15527589179132764
0 0.2729547551267837 0.04474594152808899 0.5778465436990773 0.05455456686594721 0.577710977249958 0.0 0.27244135375252426 0.0
0 0.577594241636579 0.1416666059652579 0.2799807979727848 0.13536207858180097 0.2866750709720007 0.28115749599354356 0.5751403803964877 0.28677985627306785 0.577594241636579 0.1416666059652579
