0 0.25626784642999173 0.5453250249122058 0.2534753420857201 0.39114660889189334 0.1548462929914208 0.4010300159296396 0.15492163791604138 0.43114408403897436 0.1615044969288277 0.46800197364258517 0.19041270666995697 0.5401321912069611 0.25626784642999173 0.5453250249122058
0 0.6614709549146178 0.4491489443501805 0.6589375618507702 0.39856395338220657 0.5386524100157767 0.4085012637698611 0.498954157575944 0.40980518984895153 0.5076654581253643 0.5254224589403246 0.6640399473187385 0.5141896594141734 0.6614709549146178 0.4491489443501805
0 0.007867726882455099 0.32069153671211387 0.007985220849406952 0.36766905647472875 0.007867726882455099 0.32069153671211387 0.0 0.32028773644797826 0.0 0.36718944677129783 0.0 0.32028773644797826
0 0.5785442709557517 0.020973349185581375 0.5683198011285504 0.0 0.3337155445211204 0.0
0 0.37813542457750443 0.6871598189305312 0.24458914748840813 0.6862889594077727 0.24967309571356328 0.7946883077167552 0.38320439379066823 0.7895355004159897 0.37813542457750443 0.6871598189305312
0 0.6428853748863953 0.7142014785940585 0.6200262342493312 0.7142587418148854 0.4402131673134499 0.7215314552563007 0.43964969783294316 0.7496439539089401 0.44814542692213055 0.8453693689011161 0.5481607550711429 0.8421240329577876 0.6648426340823017 0.834604177885234 0.6428853748863953 0.7142014785940585
0 0.9709097805401127 0.5459437575879188 0.8849118821863606 0.5535621306441257 0.893239734212501 0.7581435771374554 0.8903939381197271 0.8631066365897718 1.0 0.8623571349260595 1.0 0.5439286472414884
0 0.11690853459895792 0.14455058871845144 0.12024391048396596 0.03492629874811527 0.04925541775067908 0.03269492677659351 0.043505548060871334 0.13871237508860612 0.017034466395664548 0.13757286592335763 0.014459714118721373 0.07012320688672116 0.14607197057357058 0.2601166570416124 0.1493922707789939 0.1444693044640609 0.11690853459895792 0.14455058871845144 0.0 0.06985461799847734 0.0 0.25415454985030955
0 0.6015449001634151 0.06022191460967888 0.26102572459606654 0.043006039112486204 0.2578719657288439 0.22490461493195743 0.22780690348025753 0.22979785212261486 0.22790337158368548 0.26834396193389526 0.22921127667610464 0.31050052872289546 0.4674266314751416 0.3111092508035076 0.5059254767363957 0.31101282971965605 0.5022434231066516 0.2821128964997151 0.5792344494139229 0.2795098130249431 0.652575425760011 0.26005287736920396 0.6379660266193353 0.19142884041894256 0.6015449001634151 0.06022191460967888
0 0.830024070961438 0.4969094998440078 0.8225372764812726 0.3897212350333148 0.7323232572574856 0.39717494686981153 0.7398045627052048 0.5019536082566398 0.830024070961438 0.4969094998440078
0 0.38390385417237644 0.5883704954117519 0.2611582765574786 0.5766315416074385 0.26131502686234415 0.6392692777367245 0.377999737102575 0.6329547315363346 0.38390385417237644 0.5883704954117519
0 0.5464117375106019 0.6241003188110194 0.5426663244216371 0.5699036450535637 0.4344184454597646 0.5822209232660668 0.4357263975938483 0.6243774965514578 0.5464117375106019 0.6241003188110194
0 0.17395051363947564 0.823787533178459 0.13063585720369156 0.8226913960173372 0.020456630444893514 0.8261185194853216 0.021341416215485614 0.8976478274246313 0.17395051363947564 0.823787533178459 0.021597338064298154 1.0 0.17229209332455128 1.0
0 0.6132968993880838 0.9094170338083782 0.4496791494581561 0.9110312534629693 0.4530382161567417 1.0 0.6195558820144264 1.0
0 0.8102873157944187 0.9364184730800019 0.7281956405583404 0.9319289166406792 0.86423419927248 0.9398054853266297 0.8102873157944187 0.9364184730800019 0.7273957775828834 1.0 0.8772751548872122 1.0
0 0.9321409359689699 0.9182546733205766 0.935227545734726 1.0 1.0 1.0 1.0 0.9180845416929228
