0 0.11374933389953931 0.018715686986017954 0.0913261424356126 0.1801946263219005 0.11374933389953931 0.018715686986017954 0.0 0.0010476622056991313 0.0 0.16806307669807186 0.0 0.0010476622056991313
0 0.9046605104525964 0.1876332317944102 0.972854698444273 0.0 0.7241920619326848 0.0 1.0 0.09437433527156566 1.0 0.02908334381325022 0.972854698444273 0.0
0 0.04161470465079391 0.4838911572857256 0.07477763943567353 0.2898589181663446 0.04161470465079391 0.4838911572857256 0.0 0.278351190792157 0.0 0.47845010178146374
0 0.2878078361612715 0.3181943518692453 0.10004724933881205 0.29099522875826056 0.09294545085142686 0.33438080363738276 0.1073897037167905 0.33675149470982124 0.07904098502619075 0.5319746689639452 0.2643898845522054 0.556771927141305 0.272698569849327 0.5145876155875764 0.2558449524531835 0.5110189077947913 0.2878078361612715 0.3181943518692453
0 0.3763195153858958 0.5709246437538071 0.3846301931403454 0.5299448521089755 0.4652761714456224 0.5429780932610778 0.4924207329598026 0.3477567775671726 0.32753086266447423 0.3253148828156048 0.32041997941966016 0.3650862768819002 0.3071820170921604 0.3639181174278156 0.30246745060667374 0.40006880869997496 0.3181141427935649 0.40243561594939276 0.3074911083455475 0.47835506758868146 0.2918437926565124 0.47598825955969676 0.2835396001774652 0.5193764816504778 0.3003932196829868 0.5229451865952451 0.295681276761647 0.5603004053952684 0.3763195153858958 0.5709246437538071
0 0.7150859374823254 0.3796798109724672 0.5309368715904594 0.35367598129483635 0.513179706441929 0.4609345654606126 0.5276233692946926 0.4633052202052341 0.5146236341340396 0.5500719614711543 0.5964714621393267 0.5631025034092895 0.5929665068062326 0.6016590190145057 0.6820202413390772 0.6098506590231298 0.7150859374823254 0.3796798109724672
0 0.9389413042932155 0.4067805366312336 0.7596075515846573 0.3819684892800619 0.7253616734535238 0.6205749289204191 0.9046924386025641 0.6441825368451793 0.9389413042932155 0.4067805366312336
0 0.0009551991992601364 0.5755518410736343 0.0009551991992601364 0.5755518410736343 0.0 0.5743787757843399 0.0 0.5763994647945693 0.0 0.5743787757843399
0 0.2690594378750624 0.949462963184797 0.5534777654807719 0.6812701380661176 0.4859179521321717 0.6127897815297091 0.40191723114091654 0.6937262745515648 0.3439948744628429 0.6300379742112794 0.14118427773159087 0.8221199451439404 0.2690594378750624 0.949462963184797
0 0.8286404060977679 0.9949308642680779 0.8779326798219902 0.981547033520189 0.8936159009092584 0.9971642231477107 0.9236223130466179 0.9705813876892481 0.8669124298170486 0.9105041873134511 0.8357088726528505 0.9394993241936214 0.8164073613250409 0.9202776855544664 0.7912060102173437 0.9444378136933433 0.7743203737470982 0.9288238670432841 0.7443243344072066 0.9590202531438845 0.7262311638781742 0.9422044121869931 0.7010342857765086 0.967569663588355 0.6793195670903721 0.9459454585093188 0.6469155615749507 0.976148329774883 0.709485549408577 0.9783882697997548 0.729993971945917 0.9988111957125981 0.758800615461758 0.9734361799345411 0.8330521910760407 1.0 0.8581924513940867 1.0 0.6690255889434851 1.0 0.6844399059999976 1.0 0.7847344118560184 1.0 0.8222069744146009 1.0
0 0.906631794077425 0.9164206831375753 0.9891745183608014 1.0 1.0 1.0 1.0 0.8206312007712326
0 0.38936576881117213 0.9467289674064491 0.33477734488453664 1.0 0.44146454595724244 1.0
0 0.9300071198883364 0.21768056324058513 1.0 0.29334519552313615 1.0 0.1515467565442317
