0 0.048018113085534414 0.6170838121371223 0.0 0.62081553278142 0.0 1.0 0.07804087563204327 1.0
0 0.8772235438115095 0.6706245573593879 0.8675644617346601 0.6561917123769617 0.7833678574898776 0.6720406258398602 0.8345422334647468 0.9537842792984937 0.9211155954825617 0.9246804418982966 0.9003388403987237 0.7825930112793351 0.8772235438115095 0.6706245573593879 0.8400341518540673 1.0 0.9300928069799881 1.0
0 0.7413200884837581 0.7022484940252294 0.7364739563682751 0.6878054100969698 0.5813256408267282 0.72308591755416 0.5825391144920302 0.7279015964459558 0.771763913959887 0.8623821038921695 0.7570876455296364 0.7576213175582966 0.7413200884837581 0.7022484940252294 0.6161105676623722 1.0 0.7872797998642894 1.0
0 0.5199950002066855 0.7400876012595008 0.3347849910459049 0.7850723686332227 0.32636777491643715 0.7875002151903443 0.3736638320955638 1.0 0.5563697968037079 1.0
0 0.2794575422102573 0.7960375695705382 0.22844569059794526 0.5865647626782409 0.09494183960665332 0.6145693521855805 0.12459361004852927 0.9577920239034483 0.1270380176648254 0.9746500357909604 0.2794575422102573 0.7960375695705382 0.1296688235034592 1.0 0.3237361702328766 1.0
0 0.6794540471131978 0.48195954950843156 0.6770340094334212 0.475942758101055 0.28016940262194107 0.5780171951298919 0.2777798232135692 0.5852498829879716 0.31421489226614374 0.7345281313952396 0.726751826629726 0.6456685177780025 0.6794540471131978 0.48195954950843156
0 0.7001148305299726 0.038647284787558384 0.6952659984196562 0.022999759125369435 0.6122892781836089 0.046072576182720086 0.7566912176470955 0.5817615178575081 0.7712561563276704 0.6371364339871679 0.8482272916174686 0.6188949185083408 0.8554418765662031 0.6164697513122165 0.7947348339624783 0.3769057939763584 0.7001148305299726 0.038647284787558384
0 0.6637028222359224 0.43381399992850833 0.6236109545298117 0.2640665426495421 0.23396963330915216 0.36732849655784056 0.23639507473221014 0.3757547939744036 0.24369099653011406 0.40946539922945613 0.26922371753688334 0.5262468424938612 0.6637028222359224 0.43381399992850833
0 0.6066559143421831 0.21592370538030986 0.5617804602717914 0.05943596801728641 0.3380905855100128 0.11534824777217977 0.19497576763886887 0.15060195176567234 0.18415151439505378 0.1530352140779018 0.21941366321494854 0.3155668876063826 0.6066559143421831 0.21592370538030986
0 0.5448254539238621 0.011293129168131908 0.04933790600325041 0.13406620080322554 0.5448254539238621 0.011293129168131908 0.5414131972427348 0.0 0.03723685976896485 0.0 0.5414131972427348 0.0
0 0.5989608451803312 0.0051488784811440725 0.6168112474049263 0.0 0.5974452169822803 0.0
0 0.22750171387144 0.5501078028695446 0.14163636326099355 0.1775677061863309 0.060894268405174874 0.19222868738534757 0.09562993586245715 0.5797541260132223 0.22750171387144 0.5501078028695446
