0 0.9448710956448706 0.4956195508639485 0.9412588113981113 0.49442304565104905 0.9376512012291219 0.4956354063605314 0.9364506331760527 0.4968424809620763 0.935252711499856 0.49925460458014326 0.9328542216289687 0.5028738027581783 0.930463047743207 0.5101050656718553 0.8933255685025073 0.5848667071160274 0.747211532758163 0.8983616385008227 0.9508924512558876 0.49801520339784155 0.9448710956448706 0.4956195508639485 0.7027709837395385 1.0 1.0 1.0 1.0 0.5363287351135576
0 0.8905700272169506 0.42587706793964936 0.7905459068149842 0.3574387728937762 0.5102576743302079 0.9422436254934151 0.8954278406628082 0.44634308148080054 0.8942087582092931 0.43911851331084917 0.8905700272169506 0.42587706793964936 0.6009646075772515 1.0 0.634981360389672 1.0
0 0.5544363424264194 0.785559998273557 0.7664381373383591 0.3382200693761226 0.7086115553876903 0.3070297576966839 0.6809041280317826 0.2926360778949666 0.630609330502565 0.40356211615557824 0.6257905801484349 0.40116319667513956 0.6029018964859079 0.3891684203987253 0.6017066120338188 0.3927843558190874 0.44118678837560404 0.7219688298164777 0.5436246676067104 0.7940153893133599 0.5544363424264194 0.785559998273557
0 0.6398814789114217 0.24213662867732344 0.5253814848396685 0.15686721238417708 0.2917645572000484 0.6247313911821315 0.3146617768952156 0.6403395099770756 0.40383187140063814 0.6979607436221935 0.5129137558555451 0.5074087189828066 0.5740203240359796 0.388027343690786 0.6398814789114217 0.24213662867732344
0 0.33162354472365396 0.6933012754554929 0.27619343707628397 0.6572865544107962 0.21391759448571818 0.7923286088098352 0.21032906212965316 0.801972584465473 0.4693986791706706 0.9664238104536462 0.48498036518217563 0.9386857367066299 0.4717232454986442 0.9290786866502203 0.5292515088748273 0.8241596987344747 0.33162354472365396 0.6933012754554929
0 0.4017149182743071 0.2812029007102088 0.27643044376555514 0.2164342414561765 0.1805792210592129 0.404548839628086 0.04643347615197501 0.689107706957257 0.05486977485622703 0.6951114172425975 0.16455044079980055 0.7779828959353909 0.298696698336581 0.49342328448364053 0.3981231580806182 0.28964245508776487 0.4017149182743071 0.2812029007102088
0 0.15701697151732644 0.08540365071581367 0.1630198175469203 0.07936769430101911 0.41128311371667514 0.2546830626342561 0.4807751009348017 0.11842058661702476 0.019952401821039 0.6855517667446804 0.22120051628533247 0.27196248597087963 0.18024403252903415 0.2515755697183554 0.23177070609309255 0.15389707012122444 0.15102204381690718 0.09505351765196629 0.15701697151732644 0.08540365071581367 0.3209822619290262 0.0 0.0 0.0 0.0 0.6745895777836812
0 0.4203599872628392 0.004124123006451301 0.5058910973751038 0.048503179682831334 0.529776764847294 0.0 0.41509052536390434 0.0
0 0.55894107676147 0.0965673896794039 0.9253221936818656 0.3607567796153468 1.0 0.22315241643670544 1.0 0.0 0.6072963036975924 0.0
0 0.9939386930093714 0.3738555105288281 1.0 0.37708665497665217 1.0 0.3606955097013642
