0 0.900062817061072 1.0 1.0 1.0 1.0 0.9038515528711566 0.900062817061072 1.0
0 0.9564392155441355 0.8583637710968883 0.6874073279840088 0.542167647318427 0.5243002601463724 0.7882475058382578 0.5339478028740682 0.7978624110704787 0.9564392155441355 0.8583637710968883 0.7909675588881233 1.0 0.8121859459551503 1.0
0 0.35559332995476106 0.1297486385522035 0.33750482078032906 0.111720605262058 0.25365852913952286 0.28655966529527116 0.34523592717167106 0.34417506794638025 0.33684725739203575 0.3598524498976111 0.45133470648496976 0.4390985529476534 0.5995618371445486 0.5399520970310969 0.6439512989154625 0.4796281450888764 0.35559332995476106 0.1297486385522035
0 0.3802580847804892 0.4019154254301232 0.23811413235623094 0.33116114633283933 0.16623943632105578 0.4782704821649847 0.1422851064495747 0.528912001055377 0.4689042023487794 0.7678926584104947 0.5180854615418146 0.6979233320825446 0.593576954662398 0.5544191504582013 0.3802580847804892 0.4019154254301232
0 0.41736881995461744 0.8619583771514467 0.0 0.5363287351135576 0.0 1.0 0.357246558781679 1.0
0 0.017602573491648944 0.1907171985958284 0.1014138394806515 0.0 0.0 0.0 0.0 0.22315241643670544
0 0.302458278663587 0.04314035458887432 0.11320498995826715 0.4374336519346932 0.31209251948492284 0.04673248460387404 0.302458278663587 0.04314035458887432 0.191492368478771 0.0 0.16613116086507185 0.0 0.0 0.3606955097013642 0.0 0.37708665497665217 0.191492368478771 0.0
0 0.3842052623711746 0.008029379698929992 0.3842052623711746 0.008029379698929992 0.37703747548856087 0.0 0.3659376230538461 0.0 0.37703747548856087 0.0
0 0.6747302982892994 0.2494977385800438 0.6735244350015143 0.2482959539115111 0.6747302982892994 0.2494977385800438 0.7882167833619517 0.0 0.4598747438712469 0.0 0.7882167833619517 0.0
0 0.8132992978754191 0.3359184371303173 0.8121173036374867 0.3455565540497593 0.8814420354373469 0.42056816846003037 0.9640295971981566 0.5138625864876218 1.0 0.45100313576746387 1.0 0.0 0.9654605363067801 0.0
