0 0.0010595089393716365 0.9028322111559339 0.0 0.9038515528711566 0.0 1.0 0.10323200458387957 1.0
0 0.3524630275875753 0.3756835721679983 0.1729081599608754 0.2556281396687453 0.15850289534686934 0.27131823032725627 0.06622957028154067 0.44376758054811155 0.054254591477093723 0.47029287294174743 0.006316674245163427 0.5583287503464817 0.10648760126322265 0.6930145040635106 0.3731140848719206 0.46356768743053817 0.4079427275189009 0.4333780093162201 0.40913796941898106 0.42976143585674065 0.41033055548799124 0.4249410449509018 0.4103225829022606 0.42132712582312526 0.40790286896881506 0.4153102638390224 0.4042819806065912 0.41049987495304857 0.3862039242170759 0.39729029824501594 0.3524630275875753 0.3756835721679983
0 0.5840106882794665 0.06320228243007689 0.24390974153519343 0.14526442041421916 0.23115217146829858 0.16833602172117804 0.2124918145825859 0.19892787987899171 0.3932271924682399 0.3081406953405231 0.4004458566157026 0.3081247702753912 0.40525462658814576 0.3057046647343312 0.4088616094649969 0.3044922671253496 0.41126272168390676 0.3020780897539096 0.41606556203283773 0.297249733555838 0.42206098461660907 0.28760036907652975 0.46712830854123166 0.19877014269961613 0.5443054265250519 0.09934234867292767 0.5840106882794665 0.06320228243007689 0.5314829078362453 0.0 0.32423294269011144 0.0 0.5314829078362453 0.0
0 0.22171705435610203 0.0170254087735602 0.1786666247822927 0.1387773884709452 0.23376306055335946 0.023021660069375678 0.22171705435610203 0.0170254087735602 0.18731984811248428 0.0 0.0 0.0 0.0 0.45100313576746387 0.18731984811248428 0.0
0 0.8175257264944431 0.09761783053172808 0.825970116214928 0.10723531676439346 0.8775909431371935 0.052917737058183506 0.9123242408047092 0.0 0.7367843339360887 0.0
0 0.9461922639414028 0.05878895971197226 0.8754060350334256 0.15289792281596562 1.0 0.3077115941810955 1.0 0.0 0.9785234061878921 0.0
0 0.7323847409473747 0.23030298015574452 0.6322459546132534 0.11007204654882201 0.5518033415911829 0.19095267917442654 0.538615240774961 0.21266294528813787 0.4678918673089273 0.3356799333289652 0.47035472433058084 0.36096897426077357 0.7381784677664364 0.6747570682802964 0.7574238045548184 0.671100635295623 0.9350937850197326 0.48159992590196365 0.7323847409473747 0.23030298015574452
0 0.8011709468027614 0.864931892163763 0.6600209046436274 0.7002240993001434 0.3429383828923276 0.9671221793585545 0.7951967967686597 0.8842179812144757 0.8011709468027614 0.864931892163763 0.3733470137845281 1.0 0.6620171253113019 1.0
0 0.6081306213421309 0.6328856663626696 0.4452687564657144 0.4441362391842737 0.13301064086009268 0.7158410212762049 0.13421916614402346 0.7182472370037852 0.2753918422708987 0.8937953479000106 0.2814165158543623 0.8973960014498938 0.289839658016143 0.8973774307842081 0.2982628002617271 0.8973588596507822 0.3030730167530115 0.8961438142168826 0.31149084634250784 0.8937157577172263 0.3199033655632956 0.8888794495211361 0.614163272270581 0.640100225954 0.6081306213421309 0.6328856663626696
0 0.861460599584945 0.9214111506241186 0.7768735501091674 1.0 0.9266086802325264 1.0
0 0.9642427297028044 0.5100097782965375 0.7850853007125898 0.6974669367376557 0.7685924926229014 0.7147238328987563 0.7818508468032196 0.7298373259001331 0.8418253967812213 0.7982093561806695 0.8576168344385893 0.8154214749344594 0.9649894486154582 0.9416591875761827 0.9927398548431594 0.9753240660566247 1.0 0.9840061039660691 1.0 0.5529375667088008
