0 0.956440586837992 0.4858301541047539 0.8486927959213448 0.4902513231220016 0.8572539650252909 0.6659662512393013 0.8651825401708955 0.8286947886985766 0.9935617380489393 0.8206063887286045 1.0 0.8202007413379021 1.0 0.48404268068832684
0 0.8152670679551363 0.7429759565332769 0.813735427841055 0.7197798069326188 0.774318208724844 0.7226037147958667 0.7618676168673539 0.7234947664938217 0.7611573289492717 0.7050763060456973 0.7626231537027349 0.7050430159410563 0.8129459168356368 0.7039049909256537 0.8121946919224325 0.6888040904449082 0.8104242815471377 0.6532021494745285 0.8080901388753015 0.6062726836289454 0.8063910558610604 0.5720927713020683 0.8049508678182208 0.5431372501196593 0.8032745215978927 0.5094266215611044 0.6702729977524075 0.5209105874038344 0.6434410312627846 0.5232273139147485 0.5919705529609907 0.5276708315035482 0.5688986225870054 0.5296635526889565 0.5569540768310765 0.5306945514029688 0.5449552121823074 0.5427061658148302 0.5376424515687794 0.5601617025829276 0.5338868869513613 0.5691268574307004 0.5437923757012332 0.6654944647286559 0.5456817287054805 0.685465382314253 0.5635375177437744 0.7080284240154099 0.5673961110747684 0.7091763503826067 0.6027944252889426 0.7186172713988015 0.625216046488179 0.7445886662291559 0.6476411556905461 0.7988956613191804 0.6535483183183464 0.8532065615923584 0.7837479993286989 0.8474863819666905 0.8220594531052281 0.8458043817049529 0.8217098482433933 0.8405129938130235 0.818829099879445 0.7969005106707363 0.8177290443390556 0.7802444463443146 0.8152670679551363 0.7429759565332769
0 0.9716550761896858 0.2520371596292407 0.9591092422094358 0.2537370241755162 0.924432105327839 0.25843629622712344 0.9201066992730038 0.2590226021009542 0.8540095590747384 0.26797873651790943 0.8485573936470632 0.268718360341557 0.8408289238509733 0.2697659149150437 0.7032994529035161 0.288401983560127 0.5779586900762499 0.30538647512332334 0.5837545808034348 0.38012292745169673 0.59096106483804 0.473038631500886 0.8553092919168077 0.46144266886947544 0.9155587799746603 0.45879943805344187 0.9734852499555599 0.4562582403089436 1.0 0.4550949088061518 1.0 0.2481964475617765
0 0.5296417135898939 0.37398299211444525 0.5269898017826893 0.32263044168946486 0.5199468649842518 0.32294664908015724 0.27307942894504467 0.3339998063248807 0.27531368064833267 0.3674629397447022 0.2759165943820013 0.37650471526986073 0.27971823921046696 0.5597428225640256 0.40294005767994295 0.5558493716116988 0.42224794655805514 0.5540567092109743 0.4407085047362387 0.5452291444990973 0.498002296533091 0.5247443810126647 0.5059900259761255 0.5229382192575289 0.5267836004247528 0.5182338680677958 0.5307927261967912 0.5153158509418927 0.5378924639419861 0.5020620982779943 0.5373896826561544 0.49488201459569425 0.5336497784077785 0.4414624120205982 0.5316539325779511 0.4129400131283519 0.5296417135898939 0.37398299211444525
0 0.9839815593700831 0.8680863714157349 0.9663557153105146 0.8691409459786469 0.88983069422047 0.8737191299949 0.7802482108674875 0.8802744281323543 0.7464874665014177 0.8822952823379832 0.6823001085261583 0.8861349273135037 0.5846506892087836 0.8919773403141965 0.5848730216798257 0.9061840573689165 0.5863414331180752 1.0 1.0 1.0 1.0 0.8676973766755315
0 0.5830742193076427 0.1986734841700859 0.5730157491067005 0.08728796540264351 0.5336361899995437 0.0886062734513672 0.5022229566535061 0.0896590814325589 0.516978360724486 0.23557035902983478 0.5194303390571854 0.25982005400920033 0.5604883665632276 0.2504262304849206 0.5871961778752425 0.2443143906447368 0.5830742193076427 0.1986734841700859
0 0.47653101520361724 0.2075874359733118 0.46516613524297623 0.08414851187625974 0.409835233457387 0.09154663830689005 0.3491925313380045 0.09965624272486776 0.36338049226881813 0.2281546031929726 0.3680948941409609 0.27085092198142635 0.39465962303708685 0.27103518340442867 0.43470518726032154 0.2653628969486119 0.4812433780685442 0.258771369146881 0.47653101520361724 0.2075874359733118
0 0.9902309095075102 0.03233134026211546 0.9674710884196994 0.034718684369614686 0.9217888860058524 0.0395110395347863 0.8577347852804601 0.046230059066898185 0.7547139880179474 0.057037404257797686 0.760513985537925 0.16470852124934207 0.7641779712414231 0.23271983423765433 0.8295265846977806 0.22614871486298332 0.8606340636154035 0.22302065519518496 0.9064338215033803 0.21841613963384537 0.9342069057599433 0.21562394504009846 0.9694030962668146 0.21208407215841363 0.9942266411237907 0.2095885418059671 1.0 0.20900787841647767 1.0 0.03130668524766241
0 0.8264445836073787 0.01074556631328755 0.8476941842577871 0.008616141952004965 0.8976294197252037 0.003611430448839935 0.9076707788916163 0.0026055387882186983 0.9336737992929645 0.0 0.8269312078997835 0.0
0 0.7234253024290082 0.15487164390866984 0.7251825003116665 0.06278017132470613 0.6464420742364503 0.07603280144346958 0.5847789507510722 0.08641221762131893 0.5996618763812616 0.20192271446575144 0.6048588406352805 0.24225755061295937 0.6546852102878554 0.23630404357243573 0.7334649464696624 0.22689116320298247 0.727036964448865 0.18077992841314006 0.7234253024290082 0.15487164390866984
0 0.6555984790912084 0.020214319623980466 0.6871117161396113 0.020479203303566073 0.7178802855659518 0.020737935711882864 0.766035559887253 0.02114411258441514 0.7792491674804372 0.012641145014042093 0.7848102920559501 0.004291878805269463 0.7876687637185666 0.0 0.6567304291315608 0.0
