0 0.10979474532433423 0.9809287824816875 0.11097209809767745 0.9688811940825747 0.11095886252921149 0.962859031085153 0.10974709481871296 0.9592477623496306 0.10492367081297942 0.9544406094769383 0.09890171630620162 0.952044967399611 0.09167716794175443 0.949651351302287 0.0712048877331766 0.9424690944264978 0.0 0.9114297819008329 0.0 1.0 0.1014138394806515 1.0
0 0.16998272930770977 0.9916376708902437 0.16613116086507185 1.0 0.191492368478771 1.0
0 0.2285973680590378 0.8337168773799774 0.18787913616694127 0.9217359629772409 0.3659376230538461 1.0 0.37703747548856087 1.0
0 0.14572138950559785 0.9025563858175157 0.18048185517850582 0.8410499102250617 0.19485476589897 0.8109061151618658 0.19723796274117614 0.8000596952096595 0.0 0.5714725607917622 0.0 0.8436699853268039
0 0.28584847326772206 0.603528397906603 0.3217569769483082 0.5167242774686507 0.3325970441267473 0.5215194207704357 0.44395855430706277 0.27434777773107777 0.1608826275150305 0.13645141919815568 0.05729250799437174 0.08729411702822334 0.17254169233046693 0.5134391139623702 0.19904319312957247 0.5266302844207078 0.20146284758531116 0.5326477736339964 0.20510954629823502 0.5495037456548203 0.28584847326772206 0.603528397906603 0.0 0.20374232338801185 0.0 0.43282966691989333
0 0.10879926986680968 0.5280331284324473 0.050949056893432126 0.4860024745429983 0.036552337327116914 0.5053063641306665 0.0594674183834314 0.5293472354264122 0.23557092069096444 0.7216825867912503 0.2726973589394586 0.6421024425825956 0.10879926986680968 0.5280331284324473
0 0.8052576868213541 0.9625359189354121 0.8148919400326063 0.966128017362399 0.855607190376945 0.8769042707650261 0.3412771153702353 0.6383382880995314 0.2766069250400337 0.7782034314452828 0.2742137544561017 0.7842315042561229 0.4598747438712469 1.0 0.7882167833619517 1.0
0 0.8366343805765337 0.45777402063772554 0.49454453367726875 0.2959175767019288 0.38916995741716326 0.5298260352222125 0.3976480503711572 0.555101831375235 0.4602932953891103 0.5886907454076518 0.9541597211276034 0.823688097259993 0.9673590901342709 0.8067962399563602 0.8366343805765337 0.45777402063772554 1.0 0.7363226366089504 1.0 0.526955383166733
0 0.525673245893998 0.2247828347347543 0.5220789290801717 0.2320179982062297 0.5461680979570261 0.24280553627610707 0.6773748519965749 0.0 0.6328506424919789 0.0 1.0 0.45189263382449235 1.0 0.14387080924079831 0.6773748519965749 0.0
0 0.08967019272790575 0.03663281677306028 0.44019519184903133 0.20449428350425397 0.5508571581878573 0.0 0.10535435752895396 0.0
0 0.9013410240501014 0.02140046089031717 1.0 0.06732286702470373 1.0 0.0 0.9112710030301535 0.0
0 0.8888544014835567 0.015588331474970778 0.8957628098768526 0.0 0.8553647139098801 0.0
0 0.9654605363067801 1.0 1.0 1.0 1.0 0.9237490258172277 0.9654605363067801 1.0
