0 0.07514215579770803 0.5740863967598503 0.07149474139040818 0.5572316655392611 0.0 0.526955383166733 0.0 0.7363226366089504
0 0.18628205146022245 0.2269410523886449 0.017132280049740888 0.4597857296922501 0.09663114086771504 0.4969499407078212 0.22001143796783124 0.24372942349766935 0.2079628337307461 0.2365287463190555 0.18628205146022245 0.2269410523886449 0.0 0.14387080924079831 0.0 0.45189263382449235 0.0 0.14387080924079831
0 0.2571877219037189 0.1870350260503184 0.33261703302945345 0.015827602328565584 0.33860176079551524 0.001359878556941569 0.33927731652130316 0.0 0.0 0.0 0.0 0.06732286702470373
0 0.42113341865399007 0.8672256942408826 0.3862963406931122 0.8938020976280835 0.35267597213412244 0.9485608127202995 0.32423294269011144 1.0 0.5314829078362453 1.0
0 0.006092537792679674 0.9102988476075461 0.0 0.9237490258172277 0.0 1.0 0.18731984811248428 1.0
0 0.2027698158664869 0.6099406232974639 0.1618390883667447 0.6015991961013958 0.033661397293543074 0.8620574185452676 0.25407276798309253 0.9567283596218028 0.26729868793810896 0.9518814295773622 0.33684738417451676 0.842116576442088 0.3596298703854595 0.805931261028853 0.364424719656034 0.7974889846427062 0.21723017670611164 0.6195454823864339 0.2027698158664869 0.6099406232974639
0 0.6073961836891891 0.21035259073047347 0.3953633793046318 0.09518709311293033 0.2636242462898381 0.3773346795283779 0.25284792590491706 0.4014491032821552 0.2576740349637885 0.4074606562599052 0.4097371179342345 0.6106884465224853 0.6073961836891891 0.21035259073047347
0 0.8688304345198488 0.3555215199505225 0.6700410326215908 0.2439403999814861 0.47125064157703395 0.6768012066175363 0.53157492246569 0.7489393927379318 0.6112044231740872 0.845124977717081 0.6544086795970294 0.7932349368567863 0.7346960537625519 0.6424939092774314 0.8688304345198488 0.3555215199505225
0 0.9326819027679014 0.3903116273240149 0.8368504465601126 0.585655177723407 0.7829472248154247 0.6965896048108972 0.7853622432148211 0.7001982076979151 0.7877813503334016 0.7062150660025247 0.6534395463860952 0.8992346169788724 0.9591413047138587 0.9286721030197334 0.7367843339360887 1.0 0.9123242408047092 1.0 1.0 0.8430034213476673 1.0 0.4278382395898384
0 0.9785234061878921 1.0 1.0 1.0 1.0 0.9609482832704543 0.9785234061878921 1.0
0 0.9458538811378525 0.3613740768211319 1.0 0.39081130602068903 1.0 0.24395317114766535
0 0.6856280507049465 0.21861148135511493 0.8844041237491662 0.32416978613067754 0.981451819609377 0.134845676761781 1.0 0.09109170259280484 1.0 0.0 0.7844963098356427 0.0
0 0.41814100579044683 0.05659225820919878 0.4193787760005942 0.07224786556854815 0.5386549318610868 0.14064316045401687 0.6181585138680068 0.18021595783930894 0.6373823659144591 0.16692341626566454 0.7148722399625161 0.0 0.4435868550705874 0.0
