0 0.15436056029496267 0.5138868525599907 0.11844035468002882 0.5946687897317822 0.15436056029496267 0.5138868525599907 0.0 0.4278382395898384 0.0 0.8430034213476673 0.0 0.4278382395898384
0 0.41458210994159334 0.6542392832828013 0.20857256888516104 0.5426747447846103 0.0145054073911042 0.9345725429985846 0.262504911735508 0.9894320883114184 0.28884212331579456 0.9279430025071236 0.41458210994159334 0.6542392832828013 0.0 0.9609482832704543 0.0 1.0 0.257635650049778 1.0
0 0.41855702219187374 0.8192494413205058 0.3374809196417735 1.0 0.5863249397213975 1.0
0 0.833480392667904 0.7231733470095919 0.5346517048897852 0.5371352085080211 0.44481618771713716 0.7228298321911917 0.4448241881873257 0.7264437555078784 0.4436423103894006 0.7360825201643502 0.44968297558442427 0.7469097372013365 0.6607080121598069 0.9500066374455596 0.9637856121976811 0.8806774968288901 0.9215479011282882 0.8253631026343765 0.9010294289044658 0.7977039550867535 0.833480392667904 0.7231733470095919 0.7060828499849142 1.0 1.0 1.0 1.0 0.9389475435390193
0 0.8394212836163308 0.1461954591552419 0.7466647792965488 0.09942537440801731 0.568181271340776 0.4635850768909007 0.9055177316572958 0.6507428263208078 0.8550849397269836 0.15579688435601585 0.8526738032341726 0.1533933460456876 0.8454459410341758 0.14979604489323764 0.8394212836163308 0.1461954591552419 1.0 0.7503346038647593 1.0 0.26046906334007286
0 0.978926983215902 0.11215986892935288 0.9429625316451926 0.1724654442043329 0.9935857639749347 0.21089778552085833 1.0 0.21527473929211463 1.0 0.08154508622447006
0 0.6133058629096177 0.19246846762873493 0.42537679185389354 0.09531877229204451 0.2301409371148709 0.5016735580097123 0.22654668802981348 0.5089087744293705 0.3855645964099847 0.5916688627646224 0.38436405502654825 0.5928765782948919 0.3819703500690027 0.5989034669748129 0.4108818266352139 0.6132946160842851 0.4265128757912801 0.6084410140802603 0.4325061537806979 0.5975871564051136 0.46843953554745854 0.5228272947217621 0.5546839190214489 0.3455722902969888 0.6169208174016387 0.19486934222137484 0.6133058629096177 0.19246846762873493
0 0.21303567189539616 0.3848732072859374 0.30647136823980653 0.194352378094562 0.314902422133677 0.19794765728957364 0.33047271902571357 0.16539080783660504 0.32083579637864357 0.16059437433083323 0.3639649329723564 0.07497800703308054 0.10990961563496185 0.0020644068614100123 0.10153515492612744 0.023764723674991918 0.15547850329966176 0.47533918047587975 0.21303567189539616 0.3848732072859374 0.21861960316078918 0.0 0.11087793214174153 0.0 0.0 0.24395317114766535 0.0 0.39081130602068903
0 0.038615585534519103 0.0 0.0 0.0 0.0 0.09109170259280484 0.038615585534519103 0.0
0 0.39269700711049743 0.008665794594016566 0.39696805849491984 0.0 0.3747046257663311 0.0
0 0.46015811092156844 0.043447680104222244 0.6420585995726968 0.13579229920967728 0.7017743617164737 0.0 0.4801551684848632 0.0
