0 0.42488047174315396 0.23246976038520598 0.3680358529957157 0.2169863997745499 0.3720855954609298 0.2844003954651724 0.34694631920575686 0.33264638467101876 0.34284638754936764 0.33944092217795735 0.3854691010299797 0.34459463981530325 0.4130072437661025 0.29393419602403176 0.42488047174315396 0.23246976038520598
0 0.4653000295782906 0.1089263891994014 0.4437925910641216 0.2965287266313897 0.45916725385280294 0.3265160123951094 0.7359308931753954 0.33242019649853366 0.7503379548430921 0.0 0.4901596400247504 0.0
0 0.7520174786806955 0.33266936873510294 1.0 0.34427304082568233 1.0 0.0 0.7607520249447877 0.0
0 0.6827655721965085 0.8167162349804127 0.43014158757105964 0.8089221522668818 0.6827655721965085 0.8167162349804127 0.4155049808898744 1.0 0.6731555095629179 1.0
0 0.7192423414993285 0.823698031667256 0.7119816143392881 1.0 1.0 1.0 1.0 0.8390517046219462
0 0.7420582300374637 0.39256679790938986 0.7250170561592898 0.7575716035513891 1.0 0.7723571532191437 1.0 0.40345471529828425
0 0.324038489066054 0.800716205958655 0.11712932515823328 0.7964343849070858 0.3432113806886636 0.8166148951621189 0.3347668661939509 0.8069996174528392 0.324038489066054 0.800716205958655 0.0 0.9169455758554752 0.0 1.0 0.33043878654561415 1.0
0 0.19352585697566183 0.08221381152596141 0.1469896130792214 0.16590624285683545 0.08128374320159214 0.27131756619863373 0.05206046881606122 0.3051444813049593 0.00016382033793763023 0.40261977934027454 0.059683358647052875 0.7501732138038527 0.11737930754864787 0.675183907822636 0.16408996438522447 0.602424086762128 0.2231261534897575 0.47827011635062433 0.2595491318880469 0.39379652504081314 0.0 0.40287648907395146 0.0 0.8158766402995022 0.3912537073608139 0.0 0.20707300302422535 0.0
0 0.367267730357621 0.7472747225833221 0.3854506678058339 0.4038304163338211 0.3298640083657587 0.44359294890698264 0.2729338998636774 0.5317886124319393 0.22332514008543078 0.6170300501526569 0.15475705297120573 0.7390069249913108 0.367267730357621 0.7472747225833221
0 0.46966683554935756 0.3792228797493534 0.45988680458853715 0.37825341263433643 0.4528585416724654 0.38047233628428945 0.4432310116019557 0.3901308210725248 0.42943049243160447 0.6781441430897301 0.4282343000549913 0.7265757029543919 0.4313340473411391 0.7353718800374479 0.43662182349386747 0.7402018015642522 0.4465316489178145 0.7442688479158246 0.7099843282154611 0.7532393801640143 0.7307163362281973 0.38940384232271086 0.46966683554935756 0.3792228797493534
