0 0.3343520530877957 0.5909074884885658 0.10020414153459574 0.5890614349965323 0.3343520530877957 0.5909074884885658 0.07427246624049187 1.0 0.31046675998831114 1.0
0 0.6705310177801612 0.8295996745073586 0.6312257898871735 0.8283812690882039 0.8542544036301879 0.9895405774338025 0.8529161214829408 0.9820610151074316 0.8498630368488972 0.9788493891538974 0.8100898500771005 0.9762433071530775 0.7895636113720397 0.9722602831962353 0.7642592491572848 0.9624192549737153 0.7451673066409175 0.9463246180679271 0.7282724846646171 0.9298586473954293 0.7142867698714364 0.9045793648428481 0.7153499446285982 0.8906351198203797 0.7173366839406864 0.8816662738273382 0.7170449698341319 0.8761927835800689 0.7153638368528885 0.8721678707295121 0.7112124594435464 0.8647744239765404 0.6853612307000952 0.8397153493205735 0.681505290302781 0.8358729867437014 0.6778344529157501 0.8331304263317322 0.6705310177801612 0.8295996745073586 0.6253217810894642 1.0 0.8531033353589668 1.0
0 0.5656443515819425 0.8318060751844409 0.4694347035314603 0.8245590206051178 0.44805622193973976 1.0 0.5534331393795981 1.0
0 0.003730852682306569 0.49942317563961786 0.0 0.49922122045973566 0.0 0.6019687669388993
0 0.006672262921452959 0.44448836653290974 0.008076637610171558 0.22121255960485176 0.015094543965854322 0.0 0.0 0.0 0.0 0.4441208189458695
0 0.36254379105174783 0.11178361330876661 0.0930650856415775 0.09801534794409433 0.09200950153759083 0.15583851828816214 0.3602799952140777 0.16719964042775434 0.36254379105174783 0.11178361330876661
0 0.4421951584229366 0.23163014411548982 0.15044896515263267 0.21772503494107684 0.14819745501625695 0.27074434106219014 0.1466261737018344 0.30235715348492403 0.13222918368166892 0.4459165978887015 0.603816152762739 0.4688070702802955 0.61530923880793 0.2398806658400496 0.5717154989388478 0.23780174319375946 0.49071400324737385 0.2339413998234796 0.4421951584229366 0.23163014411548982
0 0.8570044224957478 0.5037433153556543 0.7836166860938735 0.49911187284722247 0.7825490560547828 0.5521164863672698 0.855933743182077 0.5555422036628617 0.8570044224957478 0.5037433153556543
0 0.9656049302282984 0.20913169389651448 0.9750148191138254 0.5969828311379056 1.0 0.5971895964117896 1.0 0.2088566078587681
0 0.976808731584496 0.1680376952769665 1.0 0.16773130478498893 1.0 0.0 0.9725803308800545 0.0
0 0.40618181482592164 0.8209382898817362 0.3529814101324396 0.8193123851327817 0.34926886983296607 0.915297286217546 0.40335326255844933 0.9186829877835282 0.40618181482592164 0.8209382898817362
0 0.4864666868701758 0.1560288975753936 0.6623381793342982 0.16291856450700443 0.6666418647957384 0.0 0.4884782490841744 0.0
