0 0.6728985399114573 0.6078274347262583 0.8908917045907956 0.7000973554623284 1.0 0.43642707890596616 1.0 0.0 0.9321742787340039 0.0
0 0.9763806121544506 0.7264087096419053 1.0 0.737140556264108 1.0 0.649772240038769
0 0.1598639696748537 0.9546464042939922 0.33956191148185116 0.5928987083694369 0.3675733387696706 0.5270373875642255 0.14574443358269007 0.44370268785629097 0.15296780545792263 0.5523538173107844 0.1446213720769351 0.5873032051150525 0.13985873116645187 0.6101991522804028 0.05852700694956631 0.7808760598326039 0.04614686319393793 0.7751510765884768 0.11442796772236978 0.6023134075932667 0.1120098248175917 0.5307623470872755 0.09896717803773925 0.43707425888169205 0.1598639696748537 0.9546464042939922 0.0 0.4372906894545191 0.0 1.0 0.13691205882093518 1.0
0 0.24765234348631526 0.9315687849071258 0.21282030305485303 1.0 0.4223014296074498 1.0
0 0.951202402002588 0.7674178952096239 0.8601251831854331 1.0 1.0 1.0 1.0 0.7875907862795434
0 0.8789458299240924 0.7398724528871072 0.8741272064756591 0.7374741448885157 0.6573404407342589 0.6464059862343395 0.53409555225223 0.9622588525275195 0.5377320992398624 0.9742958729308128 0.5401575493505437 0.9827222353112831 0.5849462725022601 1.0 0.7834261502320714 1.0
0 0.5971355073465551 0.6272656878120834 0.4405691947423265 0.5625647551249653 0.2776071997854637 0.8736865712578112 0.46789105218114285 0.9503588635185499 0.5971355073465551 0.6272656878120834
0 0.04318897749789883 0.4233239944750814 0.0422832902040517 0.009360632757345949 0.04318897749789883 0.4233239944750814 0.0 0.012574542072720421 0.0 0.4239461177262542
0 0.4081218801812709 0.031445247742860664 0.09075863563270724 0.16704560466487828 0.10039256492547258 0.17063844955314517 0.10641046282732412 0.1718297171991511 0.13578470004496307 0.39821368114290284 0.36096515579485344 0.4760140811433085 0.3742112862591807 0.4808034394247424 0.39336049985374694 0.4337853869445463 0.5490418787216904 0.09497597959164902 0.40932769340267205 0.03264704330455382 0.4081218801812709 0.031445247742860664 0.4065567130456761 0.0 0.08078771462607849 0.0 0.4065567130456761 0.0
0 0.629815960926487 0.1658650613750209 0.46696773145395115 0.5287808536295313 0.6295354962598544 0.5874464182149363 0.6749986601065985 0.4680994890512504 0.8622627751502105 0.0 0.7001087394938882 0.0
